0, 0 0.47304659176222197;
1, 1 0.46016182953356877;
2, 2 0.3784000564670853;
3, 3 0.31798027502037285;
4, 4 0.3018358219490127;
5, 5 0.19255917814723778;
6, 6 0.17912257849245705;
7, 7 0.22905744884274548;
8, 8 0.2500786047496517;
9, 9 0.14705184063448473;
10, 10 0.08634972376045114;
11, 11 0.1538407243187052;
12, 12 0.1296753784257232;
13, 13 0.16451813684284833;
14, 14 0.19827005383623253;
15, 15 0.220613052880142;
16, 16 0.22592609228518423;
17, 17 0.29046540428508183;
18, 18 0.24150587450190253;
19, 19 0.35152685715752385;
20, 20 0.3194304524425222;
21, 21 0.26612039039289526;
22, 22 0.3056986839319058;
23, 23 0.24094120364726024;
24, 24 0.22719660170812928;
25, 25 0.18372977932919654;
26, 26 0.17961024877601162;
27, 27 0.11265825221537051;
28, 28 0.03905853968416939;
29, 29 0.06287738300725731;
30, 30 0.05794934645765282;
31, 31 0.027303119164800327;
32, 32 0.16557047798104496;
33, 33 0.16557047798104496;
34, 34 0.3917083218367201;
35, 35 0.13008604813819025;
36, 36 0.11190107993300957;
37, 37 0.105073695963245;
38, 38 0.11806112562001503;
39, 39 0.101082499695206;
40, 40 0.08527171576522519;
41, 41 0.22013821602510197;
42, 42 0.10382885339732928;
43, 43 0.11179841250489275;
44, 44 0.2342164871056125;
45, 45 0.19956623011620667;
46, 46 0.2403123656500452;
47, 47 0.35021784744903517;
48, 48 0.34620098432396684;
49, 49 0.375717869907535;
50, 50 0.36687563766097897;
51, 51 0.4317999525163143;
52, 52 0.35182202601335955;
53, 53 0.4065052649140479;
54, 54 0.31250040104464105;
55, 55 0.2568931552909015;
56, 56 0.28594803744794417;
57, 57 0.2375403450908926;
58, 58 0.2460360747675545;
59, 59 0.20106774125241422;
60, 60 0.1525958817527895;
61, 61 0.16557047798104496;
62, 62 0.11127224193579432;
63, 63 0.062210044724498426;
64, 64 0.022298082044108325;
65, 65 -0.03153815057461673;
66, 66 -0.11607194420025291;
67, 67 -0.14655133692241562;
68, 68 0.18852948159365512;
69, 69 0.18852948159365512;
70, 70 0.10724254538221145;
71, 71 0.09109809231085131;
72, 72 0.020655403194240085;
73, 73 0.018512220632302956;
74, 74 0.028932964586153798;
75, 75 0.07309279210487474;
76, 76 0.22614426056993242;
77, 77 0.2539414667325448;
78, 78 0.2654402186816218;
79, 79 0.3516295245856407;
80, 80 0.5151402372900933;
81, 81 0.4566198032635407;
82, 82 0.6264188959401447;
83, 83 0.5411920971747206;
84, 84 0.5115340438774918;
85, 85 0.4330062947966864;
86, 86 0.46568020379484465;
87, 87 0.36941665650686883;
88, 88 0.34604698318179183;
89, 89 0.3012069839517977;
90, 90 0.21109064892231277;
91, 91 0.14398465121949644;
92, 92 0.026802615452731215;
93, 93 0.026802615452731215;
94, 94 0.12275816045635657;
95, 95 0.17409187451473596;
96, 96 0.05389398304704085;
97, 97 0.0897120820312749;
98, 98 0.1874386401699144;
99, 99 0.17854507420930021;
100, 100 0.2709842597999268;
101, 101 0.33086503724902605;
102, 102 0.2941485982687704;
103, 103 0.38064590645713925;
104, 104 0.4286172622446949;
105, 105 0.4716862483396751;
106, 106 0.5530501851222063;
107, 107 0.5163337461419504;
108, 108 0.5040778219105124;
109, 109 0.6020482151909294;
110, 110 0.47779496031262214;
111, 111 0.42494690168952065;
112, 112 0.4503699235769332;
113, 113 0.36104926111535307;
114, 114 0.39369750325648245;
115, 115 0.36145993082782035;
116, 116 0.2220760637308059;
117, 117 0.2220760637308059;
118, 118 0.2774266409142532;
119, 119 0.32385798528005716;
120, 120 0.3083808704914559;
121, 121 0.4406421847628701;
122, 122 0.34087511149041005;
123, 123 0.5471083077199488;
124, 124 0.5774978664425092;
125, 125 0.4851228479944558;
126, 126 0.5750851818817653;
127, 127 0.5723259947511277;
128, 128 0.6069890851690483;
129, 129 0.5002662936416777;
130, 130 0.5451319597287012;
131, 131 0.5540896928318884;
132, 132 0.5213259498341278;
133, 133 0.44541622017029936;
134, 134 0.5542051936885195;
135, 135 0.4941832485257598;
136, 136 0.5190544329870446;
137, 137 0.4627285152364877;
138, 138 0.484391342569124;
139, 139 0.34357013147847515;
140, 140 0.383225425588573;
141, 141 0.34059277606308913;
142, 142 0.3667473033758333;
143, 143 0.360009753405671;
144, 144 0.24285338449593485;
145, 145 0.2760406306346772;
146, 146 0.2208568880219195;
147, 147 0.29516243912142337;
148, 148 0.16442830284324605;
149, 149 0.2246555828622394;
150, 150 0.128289368146147;
151, 151 0.23434482139075863;
152, 152 0.1716021893829045;
153, 153 0.16050127371778;
154, 154 0.18828564645187784;
155, 155 0.12044814332372966;
156, 156 0.09754047342517791;
157, 157 0.05228980448271647;
158, 158 -0.034027835706448184;
159, 159 -0.02437709746347294;
160, 160 -0.04153539138748619;
161, 161 -0.1330890704106057;
162, 162 -0.034079169420506594;
163, 163 -0.1170601181958767;
164, 164 0.12766053014893197;
165, 165 0.12766053014893197;
166, 166 0.11342825792624622;
167, 167 0.19624237213092655;
168, 168 0.21282316177178306;
169, 169 0.23693717395070668;
170, 170 0.21714802718120163;
171, 171 0.26061484956013414;
172, 172 0.2934684265574967;
173, 173 0.311550727334561;
174, 174 0.5074658470383655;
175, 175 0.4268847493952248;
176, 176 0.526228319526703;
177, 177 0.5598390688064268;
178, 178 0.5924231438049832;
179, 179 0.47407326604338973;
180, 180 0.5659734476364031;
181, 181 0.6247248833762182;
182, 182 0.579153378720892;
183, 183 0.6179488331205121;
184, 184 0.5855829264067041;
185, 185 0.5855572595496747;
186, 186 0.7356313725993466;
187, 187 0.7313321740469572;
188, 188 0.40239856778937755;
189, 189 0.40239856778937755;
190, 190 0.3536957065764903;
191, 191 0.37484519676854244;
192, 192 0.48567468542058356;
193, 193 0.5350192180592006;
194, 194 0.5303991837939463;
195, 195 0.6251612199457144;
196, 196 0.693050056787921;
197, 197 0.6837458211148397;
198, 198 0.7527254993807868;
199, 199 0.7043434738807643;
200, 200 0.7559081896524065;
201, 201 0.7409187451473596;
202, 202 0.7952298146211247;
203, 203 0.6533434289637645;
204, 204 0.7335138568944384;
205, 205 0.6042940651809834;
206, 206 0.5927054792323041;
207, 207 0.5192726012717928;
208, 208 0.4633316863766739;
209, 209 0.393710336684997;
210, 210 0.34955050916627606;
211, 211 0.34453263861706973;
212, 212 0.3769370456164216;
213, 213 0.3769370456164216;
214, 214 0.3002701436702322;
215, 215 0.3136810764679836;
216, 216 0.27230610293693003;
217, 217 0.2467290799073425;
218, 218 0.10796121737902875;
219, 219 0.1961525381313245;
220, 220 0.2030697561006911;
221, 221 0.2301739571235153;
222, 222 0.3041201722246105;
223, 223 0.2359746668121121;
224, 224 0.2731146089333494;
225, 225 0.36624679966376417;
226, 226 0.5066573410419459;
227, 227 0.5292185083706038;
228, 228 0.5767535275886628;
229, 229 0.5834525772732813;
230, 230 0.655075941813235;
231, 231 0.7410855797180496;
232, 232 0.7562931925078442;
233, 233 0.7339245266069054;
234, 234 0.7382365585878095;
235, 235 0.8059072271452679;
236, 236 0.7409187451473596;
237, 237 0.6409976707327245;
238, 238 0.6168323248397425;
239, 239 0.587892943539331;
240, 240 0.6021252157620169;
241, 241 0.3971496955269085;
242, 242 0.4743684348992252;
243, 243 0.4850715142803974;
244, 244 0.5266774895247139;
245, 245 0.4336992999364744;
246, 246 0.5202736086959312;
247, 247 0.4348928087883319;
248, 248 0.36175509968365605;
249, 249 0.33420172866282094;
250, 250 0.3012198173803122;
251, 251 0.27296060779117437;
252, 252 0.28028849547300805;
253, 253 0.25454463787273074;
254, 254 0.16440263598621674;
255, 255 0.16524964226817995;
256, 256 0.13021438242333616;
257, 257 0.1562149085939053;
258, 258 0.0981308111368493;
259, 259 0.1398137869522531;
260, 260 0.9019782730055246;
261, 261 0.9019782730055246;
262, 262 0.8880411696386747;
263, 263 0.8436375069781767;
264, 264 0.8245670322054888;
265, 265 0.7363628780246785;
266, 266 0.763813581617397;
267, 267 0.7891339360766922;
268, 268 0.6933708925007858;
269, 269 0.7444736048459026;
270, 270 0.7512881553871524;
271, 271 0.6390341561699915;
272, 272 0.6803449625584721;
273, 273 0.4382166667736118;
274, 274 0.5447982905873217;
275, 275 0.4659882060791949;
276, 276 0.3569168971336536;
277, 277 0.5032693159140931;
278, 278 0.31934061844291994;
279, 279 0.2761946317768522;
280, 280 0.2528762921658334;
281, 281 0.31810860930551876;
282, 282 0.2929935897024567;
283, 283 0.2084469626483061;
284, 284 0.5583375576702192;
285, 285 0.5583375576702192;
286, 286 0.6533434289637645;
287, 287 0.5559120396809609;
288, 288 0.7106446872814305;
289, 289 0.6784456151383123;
290, 290 0.7850529058090512;
291, 291 0.7770576798444586;
292, 292 0.7328465186116795;
293, 293 0.7757615035644847;
294, 294 0.8770942551157253;
295, 295 0.855662429496352;
296, 296 0.8325622581700813;
297, 297 0.8473207009618653;
298, 298 0.7843214003837191;
299, 299 0.7275976463492104;
300, 300 0.6956809096334129;
301, 301 0.6987352656198866;
302, 302 0.7660465981789364;
303, 303 0.7224257746578286;
304, 304 0.704394807594823;
305, 305 0.622325032243989;
306, 306 0.6804219631295598;
307, 307 0.5588637282393176;
308, 308 0.5844664181259345;
309, 309 0.5345572146326749;
310, 310 0.4512040964303816;
311, 311 0.4286942628157824;
312, 312 0.5317338603594641;
313, 313 0.5884704478224878;
314, 314 0.4298877716676397;
315, 315 0.46634754207760354;
316, 316 0.4379856650603491;
317, 317 0.44590389045385415;
318, 318 0.47234075319391944;
319, 319 0.36704247223166897;
320, 320 0.5702341459032485;
321, 321 0.5702341459032485;
322, 322 0.5152814050037535;
323, 323 0.5514331731293673;
324, 324 0.5225194586859851;
325, 325 0.5009977990670094;
326, 326 0.39566101781921525;
327, 327 0.3267711735528702;
328, 328 0.3174541044512744;
329, 329 0.188567981879199;
330, 330 0.2044814332372964;
331, 331 0.23340798110919314;
332, 332 0.25150311531477176;
333, 333 0.2945464345527229;
334, 334 0.2905937385702275;
335, 335 0.2888098920066988;
336, 336 0.3021053239478191;
337, 337 0.2434822224931501;
338, 338 0.2687769100954165;
339, 339 0.275026789782024;
340, 340 0.3481388320296708;
341, 341 0.2624628632662358;
342, 342 0.39362050268539495;
343, 343 0.27692613720218406;
344, 344 0.33794908978908245;
345, 345 0.3264246709829761;
346, 346 0.42680774882413686;
347, 347 0.46070083353118196;
348, 348 0.45873731896844894;
349, 349 0.4417330261866108;
350, 350 0.4546691221293222;
351, 351 0.46414019237309345;
352, 352 0.55593770653799;
353, 353 0.576407025018769;
354, 354 0.4829668320040037;
355, 355 0.5246113075338641;
356, 356 0.5791277118638629;
357, 357 0.5970431780702372;
358, 358 0.5929621478025959;
359, 359 0.5174759212797493;
360, 360 0.599558530059098;
361, 361 0.6780477788543595;
362, 362 0.5435919483069498;
363, 363 0.6420371784424066;
364, 364 0.6315779342030117;
365, 365 0.6187188388313878;
366, 366 0.6219143625315218;
367, 367 0.6838998222570147;
368, 368 0.6431536867231764;
369, 369 0.7156240575450934;
370, 370 0.7048439775928337;
371, 371 0.719499752956501;
372, 372 0.7609773939156714;
373, 373 0.8092824188446064;
374, 374 0.8302137407519106;
375, 375 0.8302137407519106;
376, 376 0.8361556181541678;
377, 377 0.7732974852896823;
378, 378 0.7888901009349152;
379, 379 0.8127987782576052;
380, 380 0.2711895946561602;
381, 381 0.2711895946561602;
382, 382 0.21759719717921233;
383, 383 0.2145685080497679;
384, 384 0.3058013513600224;
385, 385 0.3056216833608181;
386, 386 0.3463806523231714;
387, 387 0.2305204596934094;
388, 388 0.30499284536360305;
389, 389 0.26742940010138394;
390, 390 0.28701321201465557;
391, 391 0.32356281642422147;
392, 392 0.37739904904294685;
393, 393 0.3670553056601835;
394, 394 0.38581777814852125;
395, 395 0.41438499002200935;
396, 396 0.40098689065277227;
397, 397 0.4842501748554633;
398, 398 0.522391124400839;
399, 399 0.4645251952285312;
400, 400 0.48389083885705464;
401, 401 0.38099240902703335;
402, 402 0.48120865229750454;
403, 403 0.4947735862374312;
404, 404 0.5319391952156978;
405, 405 0.575226349595426;
406, 406 0.601830046906181;
407, 407 0.5695668076204896;
408, 408 0.4534756132774649;
409, 409 0.5932829835154609;
410, 410 0.5706191487586862;
411, 411 0.5887271163927799;
412, 412 0.6937302284991944;
413, 413 0.7198205886693658;
414, 414 0.7230161123694998;
415, 415 0.7438319334201728;
416, 416 0.6587334689398945;
417, 417 0.6909197076544984;
418, 418 0.821512676219015;
419, 419 0.7494786419665944;
420, 420 0.7048696444498628;
421, 421 0.6789076185648375;
422, 422 0.7908151152121043;
423, 423 0.707269495582092;
424, 424 0.7608875599160694;
425, 425 0.7185757461034501;
426, 426 0.7506849842469665;
427, 427 0.6930243899308919;
428, 428 0.6757762620072763;
429, 429 0.7572813665034679;
430, 430 0.6110059482941161;
431, 431 0.6818849739802235;
432, 432 0.6553711106690707;
433, 433 0.6667800286185455;
434, 434 0.6659971894791552;
435, 435 0.5888682841064401;
436, 436 0.5275244958066769;
437, 437 0.5567718793914387;
438, 438 0.5348395500599961;
439, 439 0.45093459443157546;
440, 440 0.5048478276213879;
441, 441 0.3585980762690657;
442, 442 0.2570343230045622;
443, 443 0.3481388320296708;
444, 444 0.3024518265177132;
445, 445 0.25984484384925843;
446, 446 0.23514049395866343;
447, 447 0.3015791533787209;
448, 448 0.18593712903370685;
449, 449 0.20890896607483156;
450, 450 0.25195228531278246;
451, 451 0.24703708219169274;
452, 452 0.28334285145948157;
453, 453 0.28334285145948157;
454, 454 0.25694448900496014;
455, 455 0.3376154206477029;
456, 456 0.3181856098766065;
457, 457 0.30523668050538033;
458, 458 0.2631045346919656;
459, 459 0.32754117926374615;
460, 460 0.24245554821198234;
461, 461 0.2947004356948979;
462, 462 0.3149644193194432;
463, 463 0.3170049344532637;
464, 464 0.2548269733000519;
465, 465 0.28145633746783605;
466, 466 0.3121923987602906;
467, 467 0.2635023709759179;
468, 468 0.3472533254621637;
469, 469 0.4092002849021128;
470, 470 0.40671059977028157;
471, 471 0.3178134404496833;
472, 472 0.4002810520844695;
473, 473 0.45551612841128564;
474, 474 0.37942673074825306;
475, 475 0.3179161078778001;
476, 476 0.27597646349210403;
477, 477 0.27597646349210403;
478, 478 0.27597646349210403;
479, 479 0.14044262494946835;
480, 480 0.24607457505309815;
481, 481 0.19406068928344555;
482, 482 0.22971195369698982;
483, 483 0.26393870754541404;
484, 484 0.23651367080972507;
485, 485 0.26143618898506826;
486, 486 0.33948910121083387;
487, 487 0.25070744274686696;
488, 488 0.25704715643307674;
489, 489 0.25268379073811453;
490, 490 0.27270393922088254;
491, 491 0.31121705819318146;
492, 492 0.27169009836822955;
493, 493 0.30152781966466247;
494, 494 0.3060195196447706;
495, 495 0.25544297786875236;
496, 496 0.28430535859807615;
497, 497 0.25957534185045184;
498, 498 0.29190274827871643;
499, 499 0.3768857119023632;
500, 500 0.2990894682468894;
501, 501 0.2733456106466121;
502, 502 0.2525297895959393;
503, 503 0.28041682975815396;
504, 504 0.24756325276079116;
505, 505 0.3708155002149598;
506, 506 0.2847416951675723;
507, 507 0.20964047150016363;
508, 508 0.3085220382051166;
509, 509 0.2780811457684975;
510, 510 0.29223641742009576;
511, 511 0.18584729503410458;
512, 512 0.18992832530174586;
513, 513 0.1620156182825021;
514, 514 0.2056749420891537;
515, 515 0.19294418100267574;
516, 516 0.16293962513555305;
517, 517 0.1659298139794536;
518, 518 0.13777327181843257;
519, 519 0.222268565158525;
520, 520 0.208896132646317;
521, 521 0.22416791257868485;
522, 522 0.189196819876414;
523, 523 0.2193040431716533;
524, 524 0.20177357982071698;
525, 525 0.20784379150812038;
526, 526 0.17957174849046775;
527, 527 0.21130881720706074;
528, 528 0.16711048940279638;
529, 529 0.18397361447097382;
530, 530 0.14134096494548998;
531, 531 0.12265549302823975;
532, 532 0.1930853487163362;
533, 533 0.24227588021277802;
534, 534 0.18609113017588208;
535, 535 0.16821416425505142;
536, 536 0.15052969976193986;
537, 537 0.14361248179257324;
538, 538 0.14253447379734707;
539, 539 0.07234845325102812;
540, 540 0.15684374659112055;
541, 541 0.127275527293494;
542, 542 0.19089083244034044;
543, 543 0.17069101595836833;
544, 544 0.1437793163632628;
545, 545 0.13908228152692126;
546, 546 0.16568597883767633;
547, 547 0.13759360381922825;
548, 548 0.15662557830637236;
549, 549 0.12401583645078684;
550, 550 0.17565755279351647;
551, 551 0.1340644109777147;
552, 552 0.14842501748554615;
553, 553 0.1689970033944419;
554, 554 0.20047740354074284;
555, 555 0.1564844105927119;
556, 556 0.2516057827428886;
557, 557 0.24761458647484957;
558, 558 0.20176074639220243;
559, 559 0.29040123714250865;
560, 560 0.25137478102962585;
561, 561 0.2625911975513817;
562, 562 0.294033097412139;
563, 563 0.34127294777436257;
564, 564 0.22292307001276912;
565, 565 0.3812747444543545;
566, 566 0.36190910082583105;
567, 567 0.27736247377168044;
568, 568 0.31443824875034476;
569, 569 0.3135014084687793;
570, 570 0.2901317351437023;
571, 571 0.3741393582002399;
572, 572 0.3175952721649351;
573, 573 0.3175952721649351;
574, 574 0.3175952721649351;
575, 575 0.26968808351995266;
576, 576 0.29426409912540175;
577, 577 0.25496814101371235;
578, 578 0.22418074600719962;
579, 579 0.20685561751249648;
580, 580 0.2548269733000519;
581, 581 0.21383700262443606;
582, 582 0.2398375287950052;
583, 583 0.19581886898994494;
584, 584 0.24862842732750257;
585, 585 0.29154341228030756;
586, 586 0.2737434469305646;
587, 587 0.22547692228717353;
588, 588 0.19275167957495687;
589, 589 0.25997317813440435;
590, 590 0.13827377553050169;
591, 591 0.23502499310203206;
592, 592 0.2586770018544302;
593, 593 0.2996284722445024;
594, 594 0.22342357372483845;
595, 595 0.14814268205822523;
596, 596 0.16513414141154859;
597, 597 0.12123098246311992;
598, 598 0.10726821223924077;
599, 599 0.10726821223924077;
600, 600 0.10726821223924077;
601, 601 0.10726821223924077;
602, 602 0.10948839537226562;
603, 603 0.11886963161643438;
604, 604 0.11413409649454898;
605, 605 0.09369044487079936;
606, 606 0.10271234511655947;
607, 607 0.13509108525888225;
608, 608 0.12995771385304433;
609, 609 0.13509108525888225;
610, 610 0.07939400550554065;
611, 611 0.15114570433064034;
612, 612 0.06083686787343656;
613, 613 0.08999441745859604;
614, 614 0.08989175003047922;
615, 615 0.08853140660793235;
616, 616 0.006217796115320917;
617, 617 0.12289932817001725;
618, 618 0.14027579037877858;
619, 619 0.15672824573448918;
620, 620 0.1025198436888406;
621, 621 0.18892731787760764;
622, 622 0.17925091277760297;
623, 623 0.2654145518245925;
624, 624 0.19572903499034267;
625, 625 0.25286345873731886;
626, 626 0.2692004132363981;
627, 627 0.29748528968256505;
628, 628 0.3099208819132073;
629, 629 0.3981250360940176;
630, 630 0.4435682064641977;
631, 631 0.5116238778770943;
632, 632 0.48202999172243843;
633, 633 0.4444922133172484;
634, 634 0.3972523629550251;
635, 635 0.49685260165679557;
636, 636 0.4405138504777242;
637, 637 0.6087472648755476;
638, 638 0.6004312031980901;
639, 639 0.6541519349601841;
640, 640 0.6423708475837862;
641, 641 0.6760585974345974;
642, 642 0.7047798104502607;
643, 643 0.7137375435534477;
644, 644 0.2474220850471307;
645, 645 0.2474220850471307;
646, 646 0.3450074754721095;
647, 647 0.2914535782807055;
648, 648 0.3039661710824355;
649, 649 0.3588290779823282;
650, 650 0.44816257387242286;
651, 651 0.5230584626835981;
652, 652 0.5159615767150272;
653, 653 0.4984182799355763;
654, 654 0.5187207638456652;
655, 655 0.3749863644822031;
656, 656 0.3075851979235511;
657, 657 0.3200464570112229;
658, 658 0.22928845055600822;
659, 659 0.14688500606379495;
660, 660 0.14249597351180343;
661, 661 0.1277246972915047;
662, 662 0.15523956802679617;
663, 663 0.1412254640888586;
664, 664 0.0778154937982456;
665, 665 0.08927574546177874;
666, 666 0.15335305403515065;
667, 667 0.1687275013956353;
668, 668 0.3426461246254242;
669, 669 0.3426461246254242;
670, 670 0.3426461246254242;
671, 671 0.3764237084758377;
672, 672 0.4186585217173693;
673, 673 0.41315298088460817;
674, 674 0.447418235018576;
675, 675 0.367196473373844;
676, 676 0.32887585582926393;
677, 677 0.29961563881598785;
678, 678 0.2877575508685022;
679, 679 0.2907862399979466;
680, 680 0.3203031255815145;
681, 681 0.2370398413788235;
682, 682 0.281366503468234;
683, 683 0.18132992819696736;
684, 684 0.21109064892231277;
685, 685 0.16424863484404173;
686, 686 0.12985504642492773;
687, 687 0.09548712486284261;
688, 688 0.1114647433635132;
689, 689 0.11516077077571651;
690, 690 0.10267384483101583;
691, 691 0.026943783166391677;
692, 692 0.07976617493246407;
693, 693 0.06353188786150166;
694, 694 0.23710400852139646;
695, 695 0.15464923031512479;
696, 696 0.17579872050717693;
697, 697 0.2604351815609298;
698, 698 0.2552504764410335;
699, 699 0.27419261692857533;
700, 700 0.25010427160668103;
701, 701 0.25699582271901833;
702, 702 0.3462908183235691;
703, 703 0.2930320899880008;
704, 704 0.339296599783115;
705, 705 0.38232708559255135;
706, 706 0.3458416483255584;
707, 707 0.44121968904602693;
708, 708 0.4884467059797357;
709, 709 0.5959523366464967;
710, 710 0.5826184044198326;
711, 711 0.6294347516410745;
712, 712 0.6227485353849707;
713, 713 0.6750960902960028;
714, 714 0.731216673190326;
715, 715 0.7637109141892799;
716, 716 0.30277266223057797;
717, 717 0.30277266223057797;
718, 718 0.2463312436233902;
719, 719 0.21322099805573536;
720, 720 0.2045071000943257;
721, 721 0.13311473726763468;
722, 722 0.1966787087004227;
723, 723 0.048285774786162916;
724, 724 0.09974782312968822;
725, 725 0.12973954556829614;
726, 726 0.1298037127108691;
727, 727 0.09819497827942203;
728, 728 0.03327066342408691;
729, 729 0.09288193887438001;
730, 730 0.07367029638803135;
731, 731 0.11178557907637798;
732, 732 0.10852588823367082;
733, 733 0.13836360953010396;
734, 734 0.2162240203281507;
735, 735 0.1932393498585112;
736, 736 0.24792258875920004;
737, 737 0.2191757088865074;
738, 738 0.22984028798213574;
739, 739 0.21038481035401002;
740, 740 0.3318660446731645;
741, 741 0.3626149393941336;
742, 742 0.35264336543829344;
743, 743 0.39064314727000893;
744, 744 0.40269373664521324;
745, 745 0.469697066919913;
746, 746 0.41041946061099943;
747, 747 0.4854693505643499;
748, 748 0.5466078040078797;
749, 749 0.6125844600014114;
750, 750 0.573994340458025;
751, 751 0.6474143849900218;
752, 752 0.38698562014334925;
753, 753 0.38698562014334925;
754, 754 0.33696091579345855;
755, 755 0.2705479232304304;
756, 756 0.18752847416951668;
757, 757 0.11206791450369913;
758, 758 0.018011716920233622;
759, 759 0.008604813819035773;
760, 760 -0.0394307091110927;
761, 761 0.045475253941466676;
762, 762 0.04942794992396182;
763, 763 0.17289836566287864;
764, 764 0.16676398683290228;
765, 765 0.16676398683290228;
766, 766 0.124619007590973;
767, 767 0.2102821429258932;
768, 768 0.23792534794633058;
769, 769 0.1948691952798649;
770, 770 0.33422739551985003;
771, 771 0.3182882773047233;
772, 772 0.3531695360073921;
773, 773 0.3568270631340513;
774, 774 0.3922986595483917;
775, 775 0.3878326264253127;
776, 776 0.33859076121481224;
777, 777 0.3433134629081831;
778, 778 0.3174926047368185;
779, 779 0.2237572428662178;
780, 780 0.24550990419845609;
781, 781 0.1811374267692485;
782, 782 0.2288392805579973;
783, 783 0.22498925200361874;
784, 784 0.187387306455856;
785, 785 0.13625892725371025;
786, 786 0.006551465256700695;
787, 787 0.07401679895792546;
788, 788 0.050685625918392097;
789, 789 0.1841147821846345;
790, 790 0.09769447456735292;
791, 791 0.17214119338051748;
792, 792 0.1713326873840979;
793, 793 0.21710952689565755;
794, 794 0.24423939477551104;
795, 795 0.2736921132165062;
796, 796 0.3248076589901372;
797, 797 0.31488741874835546;
798, 798 0.4112022997503897;
799, 799 0.3756280359079329;
800, 800 0.42073753713673345;
801, 801 0.478308297453206;
802, 802 0.47643461689007505;
803, 803 0.4985209473636929;
804, 804 0.5050659959061361;
805, 805 0.5611095782293718;
806, 806 0.5937449869419864;
807, 807 0.6056929088890741;
808, 808 0.7379798900175174;
809, 809 0.6045635671797898;
810, 810 0.7704997978735006;
811, 811 0.7446789397021361;
812, 812 0.4191846922864677;
813, 813 0.4191846922864677;
814, 814 0.2873340477275206;
815, 815 0.3092663770589632;
816, 816 0.2690592455227374;
817, 817 0.19425319071116443;
818, 818 0.21074414635241867;
819, 819 0.09773297485289678;
820, 820 0.2015554115359688;
821, 821 0.20068273839697626;
822, 822 0.1794819144908657;
823, 823 0.21446584062165108;
824, 824 0.1419441360856759;
825, 825 0.2370141745217944;
826, 826 0.3157857587443771;
827, 827 0.43333996393806595;
828, 828 0.3624096045379004;
829, 829 0.09043075402809242;
830, 830 -0.449112247582503;
831, 831 0.2951367722643943;
832, 832 0.2884377225797756;
833, 833 0.39143881983791373;
834, 834 0.5848385875528577;
835, 835 0.5849669218380034;
836, 836 0.5536918565479361;
837, 837 0.6507895766893601;
838, 838 0.6448348658585883;
839, 839 0.586340098689065;
840, 840 0.7183575778187019;
841, 841 0.687570182812189;
842, 842 0.7138787112671083;
843, 843 0.7419710862855562;
844, 844 0.7412395808602246;
845, 845 0.7770063461304004;
846, 846 0.8582162817707564;
847, 847 0.9843175503551649;
848, 848 0.20784379150812038;
849, 849 0.20784379150812038;
850, 850 0.17081935024351425;
851, 851 0.10921889337345903;
852, 852 0.15833242429881356;
853, 853 0.18896581816315128;
854, 854 0.2660562232503223;
855, 855 0.2993589702456958;
856, 856 0.4079554423361973;
857, 857 0.40980345604229873;
858, 858 0.469786900919515;
859, 859 0.48127281944007727;
860, 860 0.34134994834545007;
861, 861 0.34134994834545007;
862, 862 0.34134994834545007;
863, 863 0.3120768979036592;
864, 864 0.31981545529795996;
865, 865 0.15494439917096048;
866, 866 0.273858947787196;
867, 867 0.160347272575605;
868, 868 0.1326527338411092;
869, 869 0.08506638090899155;
870, 870 0.16746982540120503;
871, 871 0.2706377572300327;
872, 872 0.42841192738846123;
873, 873 0.596286005787876;
874, 874 0.791264285210115;
875, 875 0.6329511110540735;
876, 876 0.531836527787581;
877, 877 0.5360073920548243;
878, 878 0.5648441059271188;
879, 879 0.5308996875060157;
880, 880 0.5349935512021715;
881, 881 0.5242134712499116;
882, 882 0.5805778892860123;
883, 883 0.5852492572653245;
884, 884 0.3243841558491558;
885, 885 0.3243841558491558;
886, 886 0.29126107685298663;
887, 887 0.32311364642621077;
888, 888 0.33393222666401434;
889, 889 0.23367748310799974;
890, 890 0.18103475934113167;
891, 891 0.2485385933279003;
892, 892 0.1726160302355575;
893, 893 0.2922749177056396;
894, 894 0.26755773438652986;
895, 895 0.2548526401570812;
896, 896 0.33475356608894824;
897, 897 0.35820023998511297;
898, 898 0.34305679433789105;
899, 899 0.38219875130740544;
900, 900 0.3286705209730303;
901, 901 0.4218027117034451;
902, 902 0.4379214979177761;
903, 903 0.3474201600328535;
904, 904 0.46791322035638405;
905, 905 0.4610858363866197;
906, 906 0.5105843701674118;
907, 907 0.4961980968025512;
908, 908 0.33824425864491814;
909, 909 0.33824425864491814;
910, 910 0.39193932354998307;
911, 911 0.3145665830354907;
912, 912 0.32198430471692663;
913, 913 0.22477108371887078;
914, 914 0.2571626572897081;
915, 915 0.15060670033302737;
916, 916 0.21775119832138734;
917, 917 0.29788312596651756;
918, 918 0.30720019506811336;
919, 919 0.36749164222967967;
920, 920 0.3730485167764994;
921, 921 0.4473797347330324;
922, 922 0.4156811663019835;
923, 923 0.5213516166911569;
924, 924 0.5200426069826682;
925, 925 0.604781735464538;
926, 926 0.6827191468336722;
927, 927 0.7562418587937858;
928, 928 0.7764801755613018;
929, 929 0.7493118073959049;
930, 930 0.728560153487805;
931, 931 -1.0;
932, 932 0.2912354099959573;
933, 933 0.2912354099959573;
934, 934 0.2884248891512611;
935, 935 0.18476928703887885;
936, 936 0.3573660671316645;
937, 937 0.22462991600521032;
938, 938 0.30160482023574997;
939, 939 0.4145004908786405;
940, 940 0.4301316068094172;
941, 941 0.4548359567000122;
942, 942 0.46461502922813325;
943, 943 0.4324416239420441;
944, 944 0.4621638443818459;
945, 945 0.5164364135700672;
946, 946 0.48550785084989356;
947, 947 0.5995456966305832;
948, 948 0.6066040823136105;
949, 949 0.6448990330011612;
950, 950 0.5852492572653245;
951, 951 0.6651501831971918;
952, 952 0.7376847211616817;
953, 953 0.6657661877658925;
954, 954 0.6696675500343292;
955, 955 0.6377379798900173;
956, 956 0.4662577080780015;
957, 957 0.4662577080780015;
958, 958 0.4662577080780015;
959, 959 0.5279094986621149;
960, 960 0.4682725563547927;
961, 961 0.4726615889067842;
962, 962 0.48614952227562336;
963, 963 0.522622126114102;
964, 964 0.575637019307893;
965, 965 0.5706063153301721;
966, 966 0.6131234639990246;
967, 967 0.600944540338674;
968, 968 0.27121526151318953;
969, 969 0.27121526151318953;
970, 970 0.2711895946561602;
971, 971 0.4045930840653733;
972, 972 0.4220722137022517;
973, 973 0.3329825529539343;
974, 974 0.4574924764025332;
975, 975 0.44209236218501946;
976, 976 0.5114698767349188;
977, 977 0.51191904673293;
978, 978 0.545542629441168;
979, 979 0.5126633855867764;
980, 980 0.44999775415001;
981, 981 0.5813863952824314;
982, 982 0.5955545003625442;
983, 983 0.6233902068107005;
984, 984 0.7679459455990965;
985, 985 0.6897390322311556;
986, 986 0.737299718306244;
987, 987 0.7011094498950865;
988, 988 0.7184602452468187;
989, 989 0.7451409431286615;
990, 990 0.7212835995200295;
991, 991 0.6469652149920111;
992, 992 0.2624628632662358;
993, 993 0.2624628632662358;
994, 994 0.3046591762222235;
995, 995 0.4441200438903252;
996, 996 0.39877954094826196;
997, 997 0.39595618667505095;
998, 998 0.36810764679838015;
999, 999 0.3409906123470414;
1000, 1000 0.506439172757198;
1001, 1001 0.4517431004279948;
1002, 1002 0.4692863972074459;
1003, 1003 0.47476627118317793;
1004, 1004 0.4831850002887521;
1005, 1005 0.5616999159410432;
1006, 1006 0.46538503493900896;
1007, 1007 0.5156407410021622;
1008, 1008 0.44952291729496974;
1009, 1009 0.57384033931585;
1010, 1010 0.5545773631154429;
1011, 1011 0.5585428925264528;
1012, 1012 0.5811938938547128;
1013, 1013 0.603074889472097;
1014, 1014 0.6845158268257152;
1015, 1015 0.6921003830778409;
1016, 1016 0.4947735862374312;
1017, 1017 0.4947735862374312;
1018, 1018 0.4340971362204269;
1019, 1019 0.4817091560095734;
1020, 1020 0.4529622761368812;
1021, 1021 0.4721097514806569;
1022, 1022 0.5249321432467289;
1023, 1023 0.42303472084084626;
1024, 1024 0.36210160225355015;
1025, 1025 0.3195972870132118;
1026, 1026 0.4051320880629865;
1027, 1027 0.42415122912161585;
1028, 1028 0.3260268346990238;
1029, 1029 0.4280525913900526;
1030, 1030 0.4162330037281108;
1031, 1031 0.4171826774381908;
1032, 1032 0.533196871210128;
1033, 1033 0.49538959080613165;
1034, 1034 0.401217892366035;
1035, 1035 0.5554243693974061;
1036, 1036 0.6709123926002449;
1037, 1037 0.5876876086830978;
1038, 1038 0.6025230520459692;
1039, 1039 0.6640080080593931;
1040, 1040 0.4966472668005619;
1041, 1041 0.4966472668005619;
1042, 1042 0.47388076461567086;
1043, 1043 0.5021014739192649;
1044, 1044 0.44256719904005926;
1045, 1045 0.46639887579166217;
1046, 1046 0.5272678272363851;
1047, 1047 0.45069075928979796;
1048, 1048 0.39188798983592443;
1049, 1049 0.4160790025859358;
1050, 1050 0.42442073112042245;
1051, 1051 0.41728534486630786;
1052, 1052 0.44501838388634707;
1053, 1053 0.44501838388634707;
1054, 1054 0.5249064763896998;
1055, 1055 0.44721290016234283;
1056, 1056 0.524418806106145;
1057, 1057 0.5196062704131719;
1058, 1058 0.5400114217513778;
1059, 1059 0.47798746174034124;
1060, 1060 0.46623204122097217;
1061, 1061 0.446481394737011;
1062, 1062 0.4599693281058501;
1063, 1063 0.4565941364065116;
1064, 1064 0.46381935666022844;
1065, 1065 0.4706210737729637;
1066, 1066 0.4486759110130065;
1067, 1067 0.37886205989361077;
1068, 1068 0.3790417278928149;
1069, 1069 0.4356884813562365;
1070, 1070 0.36448861995726456;
1071, 1071 0.4620483435252143;
1072, 1072 0.4984439467926054;
1073, 1073 0.448278074729054;
1074, 1074 0.5168599167110488;
1075, 1075 0.48096481715572703;
1076, 1076 0.5371880674781668;
1077, 1077 0.4788473014508192;
1078, 1078 0.5965426743581679;
1079, 1079 0.602215049761619;
1080, 1080 0.5929749812311107;
1081, 1081 0.6190781748297967;
1082, 1082 0.6934222262148442;
1083, 1083 0.7268276406383347;
1084, 1084 0.773502820145916;
1085, 1085 0.7414192488594289;
1086, 1086 0.7497224771083717;
1087, 1087 0.7095666792862043;
1088, 1088 0.515268571575239;
1089, 1089 0.515268571575239;
1090, 1090 0.39920304408924356;
1091, 1091 0.48434000885506556;
1092, 1092 0.4798226420179281;
1093, 1093 0.3480746648870978;
1094, 1094 0.44010318076525734;
1095, 1095 0.4633958535192466;
1096, 1096 0.5673722913444939;
1097, 1097 0.5912938020956988;
1098, 1098 0.49618526337403646;
1099, 1099 0.48839537226567753;
1100, 1100 0.5149605692908887;
1101, 1101 0.5757268533074951;
1102, 1102 0.6757762620072763;
1103, 1103 0.7465012865512084;
1104, 1104 0.7311653394762676;
1105, 1105 0.7622735701956456;
1106, 1106 0.6749677560108569;
1107, 1107 0.66584318833698;
1108, 1108 0.6368524733225103;
1109, 1109 0.6548321066714577;
1110, 1110 0.6791899539921586;
1111, 1111 0.7727841481490987;
1112, 1112 0.5831702418459603;
1113, 1113 0.5831702418459603;
1114, 1114 0.5499316619931596;
1115, 1115 0.575637019307893;
1116, 1116 0.5942583240825701;
1117, 1117 0.608452096019712;
1118, 1118 0.6769697708591338;
1119, 1119 0.671951900309927;
1120, 1120 0.5927568129463623;
1121, 1121 0.6490313969828607;
1122, 1122 0.6430125190095157;
1123, 1123 0.6175638302650743;
1124, 1124 0.4465198950225546;
1125, 1125 0.4465198950225546;
1126, 1126 0.4901663854006917;
1127, 1127 0.5618667505117327;
1128, 1128 0.5104432024537513;
1129, 1129 0.5709143176145219;
1130, 1130 0.48074664887097884;
1131, 1131 0.6022278831901335;
1132, 1132 0.6550374415276914;
1133, 1133 0.6648036806272979;
1134, 1134 0.6584768003696024;
1135, 1135 0.7154058892603452;
1136, 1136 0.5742766758853459;
1137, 1137 0.5742766758853459;
1138, 1138 0.5732115013186347;
1139, 1139 0.4682597229262784;
1140, 1140 0.49123155996740286;
1141, 1141 0.41483416002002005;
1142, 1142 0.526985491809064;
1143, 1143 0.5798977175747384;
1144, 1144 0.5000866256424734;
1145, 1145 0.5406017594630492;
1146, 1146 0.5197474381268326;
1147, 1147 0.4153218303035744;
1148, 1148 0.5189004318448693;
1149, 1149 0.5189004318448693;
1150, 1150 0.4947864196659457;
1151, 1151 0.5339155432069453;
1152, 1152 0.5838504135572338;
1153, 1153 0.5177582567070704;
1154, 1154 0.47513844061010113;
1155, 1155 0.5699004767618692;
1156, 1156 0.6442958618609753;
1157, 1157 0.6244682148059262;
1158, 1158 0.5604807402321565;
1159, 1159 0.5932958169439755;
1160, 1160 0.5223526241152954;
1161, 1161 0.5223526241152954;
1162, 1162 0.5063493387575957;
1163, 1163 0.5230584626835981;
1164, 1164 0.5858780952625398;
1165, 1165 0.5069653433262962;
1166, 1166 0.5085181881765621;
1167, 1167 0.573930173315452;
1168, 1168 0.6571292903755701;
1169, 1169 0.6565132858068694;
1170, 1170 0.6207336871081792;
1171, 1171 0.5809757255699646;
1172, 1172 0.5219547878313431;
1173, 1173 0.5219547878313431;
1174, 1174 0.5416156003157022;
1175, 1175 0.5220574552594597;
1176, 1176 0.5299756806529647;
1177, 1177 0.4475979030177806;
1178, 1178 0.5930776486592273;
1179, 1179 0.6262777282264842;
1180, 1180 0.6672676989021;
1181, 1181 0.6040245631821768;
1182, 1182 0.6016503789069767;
1183, 1183 0.6504559075479808;
1184, 1184 0.5220831221164888;
1185, 1185 0.5220831221164888;
1186, 1186 0.45192276842719914;
1187, 1187 0.5079406838934053;
1188, 1188 0.4787959677367606;
1189, 1189 0.5909857998113484;
1190, 1190 0.516449246998582;
1191, 1191 0.5610454110867988;
1192, 1192 0.7186014129604794;
1193, 1193 0.5851209229801788;
1194, 1194 0.6863510071033025;
1195, 1195 0.5992505277747475;
1196, 1196 0.46882439378092045;
1197, 1197 0.46882439378092045;
1198, 1198 0.4702232374890114;
1199, 1199 0.48513568142297037;
1200, 1200 0.4388583381993416;
1201, 1201 0.4881130368383564;
1202, 1202 0.42457473226259745;
1203, 1203 0.44288803475292426;
1204, 1204 0.47509994032455727;
1205, 1205 0.4791296368781399;
1206, 1206 0.486188022561167;
1207, 1207 0.5518695096988635;
1208, 1208 0.497057936513029;
1209, 1209 0.497057936513029;
1210, 1210 0.33373972523629525;
1211, 1211 0.43436663821923327;
1212, 1212 0.4730979254762806;
1213, 1213 0.5019089724915458;
1214, 1214 0.49927811964605384;
1215, 1215 0.48798470255321047;
1216, 1216 0.5035901516269579;
1217, 1217 0.449291915581707;
1218, 1218 0.6292037499278118;
1219, 1219 0.6351969610441277;
1220, 1220 0.4665528769338372;
1221, 1221 0.4665528769338372;
1222, 1222 0.379644899033001;
1223, 1223 0.4101756254692219;
1224, 1224 0.3787465590369792;
1225, 1225 0.45769781125876685;
1226, 1226 0.4451082178859491;
1227, 1227 0.46270284837945863;
1228, 1228 0.5342235454912956;
1229, 1229 0.5038981539113081;
1230, 1230 0.4724819209075801;
1231, 1231 0.5970688449272663;
1232, 1232 0.4593661569656642;
1233, 1233 0.4593661569656642;
1234, 1234 0.4378188304896595;
1235, 1235 0.394506009252902;
1236, 1236 0.47724312288649484;
1237, 1237 0.4476877370173826;
1238, 1238 0.3689033193662852;
1239, 1239 0.3906559806985235;
1240, 1240 0.40556842463248244;
1241, 1241 0.35296420115115845;
1242, 1242 0.44640439416592326;
1243, 1243 0.4879590356961814;
1244, 1244 0.47960447373318016;
1245, 1245 0.47960447373318016;
1246, 1246 0.509506362172186;
1247, 1247 0.44429971188952977;
1248, 1248 0.4717632489107626;
1249, 1249 0.43277529308342366;
1250, 1250 0.450151755292185;
1251, 1251 0.539690586038513;
1252, 1252 0.4858415199912731;
1253, 1253 0.5080433513215223;
1254, 1254 0.5169112504251072;
1255, 1255 0.4482010741579665;
1256, 1256 0.4159763351578192;
1257, 1257 0.4159763351578192;
1258, 1258 0.4637808563746846;
1259, 1259 0.3870497872859222;
1260, 1260 0.4342511373626019;
1261, 1261 0.47539510918039296;
1262, 1262 0.4051320880629865;
1263, 1263 0.42648691311127207;
1264, 1264 0.47499727289644067;
1265, 1265 0.4680415546415302;
1266, 1266 0.6021765494760751;
1267, 1267 0.5198501055549494;
1268, 1268 0.44677656359284645;
1269, 1269 0.44677656359284645;
1270, 1270 0.4372413262065027;
1271, 1271 0.4650898660831735;
1272, 1272 0.4108814640375249;
1273, 1273 0.343287796051154;
1274, 1274 0.4559139646952379;
1275, 1275 0.47710195517283416;
1276, 1276 0.4381909999165827;
1277, 1277 0.42846326110251964;
1278, 1278 0.5496364931373239;
1279, 1279 0.5328247017832048;
1280, 1280 0.43376346707904734;
1281, 1281 0.43376346707904734;
1282, 1282 0.4508062601464293;
1283, 1283 0.3426204577683951;
1284, 1284 0.5106485373099849;
1285, 1285 0.4610601695295906;
1286, 1286 0.41674634086869466;
1287, 1287 0.31854494587501514;
1288, 1288 0.4560037986948402;
1289, 1289 0.40608176177306654;
1290, 1290 0.4882670379805316;
1291, 1291 0.48386517200002555;
1292, 1292 0.360959427115751;
1293, 1293 0.35538971914041695;
1294, 1294 0.4712114114846351;
1295, 1295 0.46123983752879494;
1296, 1296 0.4969167687993685;
1297, 1297 0.47100607662840144;
1298, 1298 0.5357892237700761;
1299, 1299 0.4190306911442925;
1300, 1300 0.3290426903999537;
1301, 1301 0.3252439955596338;
1302, 1302 0.4177730151498622;
1303, 1303 0.4253960716875316;
1304, 1304 0.4204038679953541;
1305, 1305 0.4204038679953541;
1306, 1306 0.35538971914041695;
1307, 1307 0.3585339091264925;
1308, 1308 0.40903345033142324;
1309, 1309 0.4217385445608719;
1310, 1310 0.48042581315811406;
1311, 1311 0.41429515602240685;
1312, 1312 0.44581405645425165;
1313, 1313 0.4497410855797179;
1314, 1314 0.37063583221575547;
1315, 1315 0.28185417375178856;
1316, 1316 0.36255077225156085;
1317, 1317 0.36255077225156085;
1318, 1318 0.42678208196710776;
1319, 1319 0.36339777853352406;
1320, 1320 0.4130888137420352;
1321, 1321 0.3734463530604517;
1322, 1322 0.35626239227940926;
1323, 1323 0.40556842463248244;
1324, 1324 0.378541224180746;
1325, 1325 0.4258195748285132;
1326, 1326 0.49637776480175555;
1327, 1327 0.4307476113781177;
1328, 1328 0.3378464223609656;
1329, 1329 0.3378464223609656;
1330, 1330 0.1912758352957784;
1331, 1331 0.36765847680036945;
1332, 1332 0.34838266717144806;
1333, 1333 0.38470126986775144;
1334, 1334 0.34191461920009236;
1335, 1335 0.34381396662025243;
1336, 1336 0.25238862188227884;
1337, 1337 0.3301591986807235;
1338, 1338 0.22513041971727943;
1339, 1339 0.3174412710227599;
1340, 1340 0.30400467136797915;
1341, 1341 0.30400467136797915;
1342, 1342 0.3490885057397508;
1343, 1343 0.32702784212316227;
1344, 1344 0.33924526606905636;
1345, 1345 0.28372785431491954;
1346, 1346 0.33903993121282316;
1347, 1347 0.4320951213721502;
1348, 1348 0.3355364052283387;
1349, 1349 0.3648992896697314;
1350, 1350 0.32525682898814834;
1351, 1351 0.38328959273114616;
1352, 1352 0.2999749748143965;
1353, 1353 0.368146147083924;
1354, 1354 0.332417882099292;
1355, 1355 0.34109327977515824;
1356, 1356 0.3186347798746172;
1357, 1357 0.33041586725101535;
1358, 1358 0.26649255981981845;
1359, 1359 0.3049543450780592;
1360, 1360 0.3380132569316556;
1361, 1361 0.15404605917493885;
1362, 1362 0.25442913701609937;
1363, 1363 0.2041349306674023;
1364, 1364 0.32266447642820006;
1365, 1365 0.32266447642820006;
1366, 1366 0.38472693672478053;
1367, 1367 0.26832774009740556;
1368, 1368 0.26553005268122387;
1369, 1369 0.3058783519311101;
1370, 1370 0.2067144497988358;
1371, 1371 0.2760662974917063;
1372, 1372 0.2911584094248698;
1373, 1373 0.32421732127846625;
1374, 1374 0.28311184974621884;
1375, 1375 0.21696835918199708;
1376, 1376 0.2925957534185044;
1377, 1377 0.2925957534185044;
1378, 1378 0.33470223237488983;
1379, 1379 0.32224097328721824;
1380, 1380 0.30898404163164206;
1381, 1381 0.2779784783403809;
1382, 1382 0.25534031044063576;
1383, 1383 0.31497725274795796;
1384, 1384 0.24515056820004744;
1385, 1385 0.2915049119947639;
1386, 1386 0.3186861135886756;
1387, 1387 0.22462991600521032;
1388, 1388 0.20758712293782833;
1389, 1389 0.25192661845575337;
1390, 1390 0.29649711568694115;
1391, 1391 0.3266941729817827;
1392, 1392 0.2497962693223308;
1393, 1393 0.26943141494966083;
1394, 1394 0.18896581816315128;
1395, 1395 0.3911179841250487;
1396, 1396 0.23268930911237584;
1397, 1397 0.22246106658624387;
1398, 1398 0.16752115911526322;
1399, 1399 0.21832870260454418;
1400, 1400 0.26482421411292134;
1401, 1401 0.26482421411292134;
1402, 1402 0.37553820190833065;
1403, 1403 0.29439243341054766;
1404, 1404 0.30373516936917255;
1405, 1405 0.2494240998954076;
1406, 1406 0.17251336280744067;
1407, 1407 0.19596003670360562;
1408, 1408 0.2542109687313514;
1409, 1409 0.2533896293064173;
1410, 1410 0.16435130227215833;
1411, 1411 0.12902087357147884;
1412, 1412 0.2848186957386598;
1413, 1413 0.2839973563137259;
1414, 1414 0.1949718627079815;
1415, 1415 0.23588483281250983;
1416, 1416 0.22723510199367292;
1417, 1417 0.1832934427597004;
1418, 1418 0.14504982578620784;
1419, 1419 0.18036742105837278;
1420, 1420 0.15644591030716803;
1421, 1421 0.041535391387486076;
1422, 1422 0.041586725101544486;
1423, 1423 0.04154822481600062;
1424, 1424 0.19294418100267574;
1425, 1425 0.19294418100267574;
1426, 1426 0.2799804931886576;
1427, 1427 0.2276971054201984;
1428, 1428 0.1808679247704421;
1429, 1429 0.12395166930821411;
1430, 1430 0.1994507292595753;
1431, 1431 0.22507908600322102;
1432, 1432 0.1911475010106325;
1433, 1433 0.1329735695539742;
1434, 1434 0.263309869548199;
1435, 1435 0.1769793959305197;
1436, 1436 0.20774112408000356;
1437, 1437 0.20774112408000356;
1438, 1438 0.1443696540749344;
1439, 1439 0.13776043838991803;
1440, 1440 0.2506689424613231;
1441, 1441 0.15386639117573453;
1442, 1442 0.16424863484404173;
1443, 1443 0.17678689450280083;
1444, 1444 0.18865781587880104;
1445, 1445 0.17441271022760074;
1446, 1446 0.1773002316433845;
1447, 1447 0.14565299692639377;
1448, 1448 0.13104855527678483;
1449, 1449 0.13104855527678483;
1450, 1450 0.15132537232984467;
1451, 1451 0.33213554667197087;
1452, 1452 0.31158922762010466;
1453, 1453 0.2612308541288346;
1454, 1454 0.2859993711620028;
1455, 1455 0.20084957296766603;
1456, 1456 0.2751294572101408;
1457, 1457 0.2730889420763203;
1458, 1458 0.28145633746783605;
1459, 1459 0.3202004581533979;
1460, 1460 0.17434854308502779;
1461, 1461 0.17184602452468178;
1462, 1462 0.2025949192456511;
1463, 1463 0.25573814672458806;
1464, 1464 0.21423483890838857;
1465, 1465 0.21618552004260705;
1466, 1466 0.22741476999287746;
1467, 1467 0.17635055793330445;
1468, 1468 0.17017767881778445;
1469, 1469 0.07857266608060676;
1470, 1470 0.08128051949718618;
1471, 1471 0.14078912751936246;
1472, 1472 0.17128135367003972;
1473, 1473 0.17128135367003972;
1474, 1474 0.26465737954223156;
1475, 1475 0.23440898853333159;
1476, 1476 0.23085412883478873;
1477, 1477 0.16405613341632286;
1478, 1478 0.23474265767471092;
1479, 1479 0.20848546293384995;
1480, 1480 0.16969000853422989;
1481, 1481 0.1845126184685868;
1482, 1482 0.22364174200958642;
1483, 1483 0.17873757563701909;
1484, 1484 0.2706120903730036;
1485, 1485 0.2706120903730036;
1486, 1486 0.1755933856509433;
1487, 1487 0.20888329921780247;
1488, 1488 0.25699582271901833;
1489, 1489 0.17966158249007003;
1490, 1490 0.13453924783275473;
1491, 1491 0.24857709361344416;
1492, 1492 0.1364899289669732;
1493, 1493 0.09816931142239294;
1494, 1494 0.13455208126126927;
1495, 1495 0.1526215486098188;
1496, 1496 0.18539812503609387;
1497, 1497 0.03909703996971303;
1498, 1498 0.1714738550977586;
1499, 1499 0.1659298139794536;
1500, 1500 0.1317287269880585;
1501, 1501 0.050685625918392097;
1502, 1502 0.1139672619238592;
1503, 1503 0.0828205309189376;
1504, 1504 -0.05071129277542141;
1505, 1505 -0.06503339899770944;
1506, 1506 0.06375005614624962;
1507, 1507 0.007103302682828216;
1508, 1508 0.07383713095872113;
1509, 1509 0.07383713095872113;
1510, 1510 0.19975873154392554;
1511, 1511 0.09774580828141133;
1512, 1512 0.03642768683867725;
1513, 1513 0.12079464589362354;
1514, 1514 0.044872082801280744;
1515, 1515 0.1565357443067703;
1516, 1516 0.0035484429842853604;
1517, 1517 0.07689148694519465;
1518, 1518 -0.07184794953895912;
1519, 1519 -0.2409797039328042;
1520, 1520 0.19972023125838168;
1521, 1521 0.19972023125838168;
1522, 1522 0.1942275238541351;
1523, 1523 0.2808659997561649;
1524, 1524 0.10435502396642748;
1525, 1525 0.2058417766598435;
1526, 1526 0.17597838850638126;
1527, 1527 0.17926374620611774;
1528, 1528 0.12961121128315023;
1529, 1529 0.19814171955108661;
1530, 1530 0.19154533729458478;
1531, 1531 0.06858825869625207;
1532, 1532 0.16669981969032932;
1533, 1533 0.16669981969032932;
1534, 1534 0.16669981969032932;
1535, 1535 0.1501446969065019;
1536, 1536 0.10145466912212919;
1537, 1537 0.0824740283490435;
1538, 1538 0.16388929884563308;
1539, 1539 0.14968269347997665;
1540, 1540 0.14443382121750714;
1541, 1541 0.21631385432775274;
1542, 1542 0.19703804469883135;
1543, 1543 0.23929852479739222;
1544, 1544 0.1482838497718857;
1545, 1545 0.11553294020263971;
1546, 1546 0.1977438832671341;
1547, 1547 0.186219464461028;
1548, 1548 0.14343281379336892;
1549, 1549 0.1729111990913932;
1550, 1550 0.13068921927837618;
1551, 1551 0.09838747970714112;
1552, 1552 0.21546684804578953;
1553, 1553 0.18655313360240755;
1554, 1554 0.08242269463498508;
1555, 1555 0.09235576830528158;
1556, 1556 0.11776595676417934;
1557, 1557 0.08586205347689657;
1558, 1558 0.07641665009015464;
1559, 1559 0.11401859563791761;
1560, 1560 0.12728836072200878;
1561, 1561 0.0664450761343145;
1562, 1562 0.08575938604877975;
1563, 1563 -0.01671554064025982;
1564, 1564 0.03143548314650002;
1565, 1565 -0.01425152236545768;
1566, 1566 -0.07296445781972893;
1567, 1567 -0.1016985042639067;
1568, 1568 0.20707378579724467;
1569, 1569 0.20707378579724467;
1570, 1570 0.07915017036376337;
1571, 1571 0.09385727944148914;
1572, 1572 0.11496826934799764;
1573, 1573 0.03134564914689775;
1574, 1574 0.10589503538817913;
1575, 1575 0.10106966626669145;
1576, 1576 -0.08335953491655079;
1577, 1577 0.0043954492662487965;
1578, 1578 -0.023068087754984257;
1579, 1579 0.05554949532542364;
1580, 1580 0.16634048369192067;
1581, 1581 0.16634048369192067;
1582, 1582 0.15391772488979294;
1583, 1583 0.11722695276656636;
1584, 1584 0.2065347817996317;
1585, 1585 0.0274956205925192;
1586, 1586 0.10060766284016598;
1587, 1587 0.10029966055581574;
1588, 1588 0.026533113453924617;
1589, 1589 0.10221184140449036;
1590, 1590 0.0681262552697266;
1591, 1591 -0.027675288591723746;
1592, 1592 0.1461791674954922;
1593, 1593 0.1461791674954922;
1594, 1594 0.2028259209589136;
1595, 1595 0.13280673498328444;
1596, 1596 0.27048375608785746;
1597, 1597 0.1629524585640676;
1598, 1598 0.2652348838253882;
1599, 1599 0.22692709970932268;
1600, 1600 0.15713891544695624;
1601, 1601 0.2679427372419678;
1602, 1602 0.3277080138344357;
1603, 1603 0.25853583414076975;
1604, 1604 0.1721925270945759;
1605, 1605 0.26511938296875703;
1606, 1606 0.10812805194971853;
1607, 1607 0.08810790346695052;
1608, 1608 0.08582355319135271;
1609, 1609 0.09537162400621124;
1610, 1610 0.002662936416778283;
1611, 1611 0.0008020892821620773;
1612, 1612 -0.02637911231174961;
1613, 1613 -0.015419364360285681;
1614, 1614 -0.16645598454855215;
1615, 1615 -0.024505431748618856;
1616, 1616 0.20708661922575922;
1617, 1617 0.20708661922575922;
1618, 1618 0.36507895766893594;
1619, 1619 0.2281719422752384;
1620, 1620 0.07759732551349763;
1621, 1621 -0.39699569438473337;
1622, 1622 0.03673568912302749;
1623, 1623 0.21881637288809874;
1624, 1624 0.16951034053502556;
1625, 1625 0.2574064924314854;
1626, 1626 0.1625802891371444;
1627, 1627 0.1370160995360714;
1628, 1628 0.11491693563393923;
1629, 1629 0.11491693563393923;
1630, 1630 0.23144446654646011;
1631, 1631 0.10620303767252937;
1632, 1632 0.12870003785861406;
1633, 1633 0.1207561456080799;
1634, 1634 0.08925007860474943;
1635, 1635 0.0739269649583234;
1636, 1636 -0.0015079278504650517;
1637, 1637 0.002162432704709172;
1638, 1638 0.04362724023536502;
1639, 1639 -0.00030158557009307696;
1640, 1640 0.32740001155008547;
1641, 1641 0.32740001155008547;
1642, 1642 0.2827011800337518;
1643, 1643 0.26354087126146175;
1644, 1644 0.3145280827499468;
1645, 1645 0.24796108904474368;
1646, 1646 0.3043896742234169;
1647, 1647 0.13157472584588326;
1648, 1648 0.16309362627772828;
1649, 1649 0.15816558972812378;
1650, 1650 0.10330268282823085;
1651, 1651 0.018563554346361366;
1652, 1652 0.1865916338879512;
1653, 1653 0.1865916338879512;
1654, 1654 0.2667235615330814;
1655, 1655 0.21857253774632146;
1656, 1656 0.16749549225823412;
1657, 1657 0.1938040207131535;
1658, 1658 0.30960004620034254;
1659, 1659 0.24676758019288636;
1660, 1660 0.22294873686979844;
1661, 1661 0.31785194073522716;
1662, 1662 0.28004466033123077;
1663, 1663 0.34209428719929647;
1664, 1664 0.33390655980698525;
1665, 1665 0.34568764718338296;
1666, 1666 0.2809045000417085;
1667, 1667 0.36441161938617705;
1668, 1668 0.3641036171018268;
1669, 1669 0.3041201722246105;
1670, 1670 0.2619238592686228;
1671, 1671 0.29375076198481787;
1672, 1672 0.2363981699530937;
1673, 1673 0.16714898968834002;
1674, 1674 0.24716541647683887;
1675, 1675 0.10906489223128402;
1676, 1676 0.16096327714430525;
1677, 1677 0.17277003137773272;
1678, 1678 0.23910602336967313;
1679, 1679 0.22139589201953247;
1680, 1680 0.10010715912809687;
1681, 1681 0.02252908375737106;
1682, 1682 -0.036273685696502245;
1683, 1683 -0.03563201427077256;
1684, 1684 0.00390777898269401;
1685, 1685 -0.021707744332437273;
1686, 1686 -0.0172288777808437;
1687, 1687 -0.10001732512849482;
1688, 1688 0.18050858877203324;
1689, 1689 0.18050858877203324;
1690, 1690 0.19250784443317936;
1691, 1691 0.22731210256476064;
1692, 1692 0.22989162169619415;
1693, 1693 0.2587155021399741;
1694, 1694 0.3402206066361657;
1695, 1695 0.32618083584119906;
1696, 1696 0.35381120743312167;
1697, 1697 0.32655300526812225;
1698, 1698 0.2589465038532368;
1699, 1699 0.31071655448111235;
1700, 1700 0.3205982944373502;
1701, 1701 0.3200336235827079;
1702, 1702 0.3066611910705004;
1703, 1703 0.36212726911057924;
1704, 1704 0.2882067208665131;
1705, 1705 0.32610383527011133;
1706, 1706 0.3464063191802005;
1707, 1707 0.2701757538035072;
1708, 1708 0.23259947511277357;
1709, 1709 0.1564844105927119;
1710, 1710 0.10096699883857463;
1711, 1711 0.07826466379625652;
1712, 1712 0.12342549873911546;
1713, 1713 0.12342549873911546;
1714, 1714 0.038622203114673015;
1715, 1715 0.07834166436734402;
1716, 1716 0.15412305974602636;
1717, 1717 0.1943943584248249;
1718, 1718 0.18145826248211328;
1719, 1719 0.2504636076050897;
1720, 1720 0.24436772906065696;
1721, 1721 0.27352527864581644;
1722, 1722 0.21133448406409006;
1723, 1723 0.31049838619636416;
1724, 1724 0.2512849470300236;
1725, 1725 0.2512849470300236;
1726, 1726 0.4131658143131227;
1727, 1727 0.2266319308534872;
1728, 1728 0.40532458949070516;
1729, 1729 0.38549694243565646;
1730, 1730 0.32945336011242077;
1731, 1731 0.4151164954473412;
1732, 1732 0.30834237020591226;
1733, 1733 0.3645784539568666;
1734, 1734 0.3822885853070077;
1735, 1735 0.3680178127987781;
1736, 1736 0.46615504064988467;
1737, 1737 0.4332886302240073;
1738, 1738 0.4364071533530538;
1739, 1739 0.44643006102295235;
1740, 1740 0.5078251830367742;
1741, 1741 0.38312275816045616;
1742, 1742 0.4039514126396435;
1743, 1743 0.37612853962000203;
1744, 1744 0.45103726185969206;
1745, 1745 0.34453263861706973;
1746, 1746 0.22616992742696174;
1747, 1747 0.29341709284343853;
1748, 1748 0.26958541609183584;
1749, 1749 0.32746417869265865;
1750, 1750 0.29719012082672935;
1751, 1751 0.3495761760233056;
1752, 1752 0.3400922723510198;
1753, 1753 0.34620098432396684;
1754, 1754 0.404195247781421;
1755, 1755 0.2868720443009951;
1756, 1756 0.32082929615061295;
1757, 1757 0.27765764262751613;
1758, 1758 0.2535436304485923;
1759, 1759 0.21613418632854842;
1760, 1760 0.4202755337102082;
1761, 1761 0.4202755337102082;
1762, 1762 0.4698382346335732;
1763, 1763 0.5380479071886448;
1764, 1764 0.46882439378092045;
1765, 1765 0.4661293737928556;
1766, 1766 0.4754977766085098;
1767, 1767 0.31338590761214813;
1768, 1768 0.4025782357885821;
1769, 1769 0.4305294430933695;
1770, 1770 0.2686100755247267;
1771, 1771 0.22797944084751953;
1772, 1772 0.18360144504405063;
1773, 1773 0.18360144504405063;
1774, 1774 0.2905937385702275;
1775, 1775 0.33217404695751473;
1776, 1776 0.42306038769787535;
1777, 1777 0.384021098156478;
1778, 1778 0.46123983752879494;
1779, 1779 0.5327092009265733;
1780, 1780 0.4774612911712426;
1781, 1781 0.5208896132646315;
1782, 1782 0.554449028830297;
1783, 1783 0.4413608567596876;
1784, 1784 0.4996117887874334;
1785, 1785 0.47116007777057645;
1786, 1786 0.45676097097720136;
1787, 1787 0.45190993499868437;
1788, 1788 0.40836611204866435;
1789, 1789 0.47119857805612053;
1790, 1790 0.43629165249642266;
1791, 1791 0.46112433667216335;
1792, 1792 0.428103925104111;
1793, 1793 0.39622568867385755;
1794, 1794 0.43881983791379775;
1795, 1795 0.3294148598268771;
1796, 1796 0.4140513208806298;
1797, 1797 0.33911693178391067;
1798, 1798 0.2787356506227421;
1799, 1799 0.3598172519779519;
1800, 1800 0.195908702989547;
1801, 1801 0.25576381358161715;
1802, 1802 0.2151331789044102;
1803, 1803 0.28041682975815396;
1804, 1804 0.26535038468201955;
1805, 1805 0.4837240042863651;
1806, 1806 0.3424536231977051;
1807, 1807 0.345097309471712;
1808, 1808 0.32387081870857193;
1809, 1809 0.3878967935678854;
1810, 1810 0.34550797918417886;
1811, 1811 0.37125183678445595;
1812, 1812 0.34984567802211175;
1813, 1813 0.33068536924982195;
1814, 1814 0.3094973787722257;
1815, 1815 0.32756684612077525;
1816, 1816 0.3213169664341675;
1817, 1817 0.4096494549001237;
1818, 1818 0.38844863099401317;
1819, 1819 0.3897448072739873;
1820, 1820 0.5285511700878445;
1821, 1821 0.5285511700878445;
1822, 1822 0.5705293147590842;
1823, 1823 0.6145479745641445;
1824, 1824 0.5462741348665001;
1825, 1825 0.5820537335651905;
1826, 1826 0.5417952683149065;
1827, 1827 0.59869869034862;
1828, 1828 0.5118677130188714;
1829, 1829 0.6293834179270161;
1830, 1830 0.4759726134635496;
1831, 1831 0.557901221100723;
1832, 1832 0.5623030870812291;
1833, 1833 0.46347285409033456;
1834, 1834 0.4435682064641977;
1835, 1835 0.44704606559165283;
1836, 1836 0.43676648935146245;
1837, 1837 0.39942121237399175;
1838, 1838 0.45452795441566196;
1839, 1839 0.30571151736042035;
1840, 1840 0.3257444992717027;
1841, 1841 0.36314110996323223;
1842, 1842 0.4343409713622042;
1843, 1843 0.27086875894329543;
1844, 1844 0.3675943096577965;
1845, 1845 0.3675943096577965;
1846, 1846 0.4071212694827486;
1847, 1847 0.4149496608766512;
1848, 1848 0.3672991408019608;
1849, 1849 0.39457017639547476;
1850, 1850 0.431402116232362;
1851, 1851 0.40071738865396567;
1852, 1852 0.4156426660164394;
1853, 1853 0.4725845883356967;
1854, 1854 0.588752783249809;
1855, 1855 0.5549366991138518;
1856, 1856 0.6040373966106916;
1857, 1857 0.6173456619803261;
1858, 1858 0.7137503769819626;
1859, 1859 0.6379048144607071;
1860, 1860 0.7001982764705506;
1861, 1861 0.8925970367613558;
1862, 1862 0.6603119806471895;
1863, 1863 0.6757249282932181;
1864, 1864 0.6257130573718419;
1865, 1865 0.5882266126807105;
1866, 1866 0.6016503789069767;
1867, 1867 0.5654729439243342;
1868, 1868 0.6651886834827356;
1869, 1869 0.5887399498212944;
1870, 1870 0.5121500484461925;
1871, 1871 0.5231226298261713;
1872, 1872 0.5163465795704649;
1873, 1873 0.4954794248057337;
1874, 1874 0.40578659291723085;
1875, 1875 0.5518181759848051;
1876, 1876 0.49789210936647765;
1877, 1877 0.42997760566724197;
1878, 1878 0.3990362095185538;
1879, 1879 0.35261769858126435;
1880, 1880 0.3344198969475689;
1881, 1881 0.3856124432922876;
1882, 1882 0.231097963976566;
1883, 1883 0.15779342030120058;
1884, 1884 0.2427378836393035;
1885, 1885 0.16802166282733255;
1886, 1886 0.115776775344417;
1887, 1887 0.10232734226112172;
1888, 1888 0.13348690669455787;
1889, 1889 0.031615151145704345;
1890, 1890 -0.018948557201799332;
1891, 1891 -0.162657289708232;
1892, 1892 0.3770653799015675;
1893, 1893 0.3770653799015675;
1894, 1894 0.5150889035760347;
1895, 1895 0.5336203743511096;
1896, 1896 0.576176023305506;
1897, 1897 0.6471833832767591;
1898, 1898 0.6073612545959715;
1899, 1899 0.7357340400274632;
1900, 1900 0.764917256469652;
1901, 1901 0.6911250425107318;
1902, 1902 0.6274840705068563;
1903, 1903 0.6369551407506271;
1904, 1904 0.6353766290433318;
1905, 1905 0.5406787600341367;
1906, 1906 0.5961961717882738;
1907, 1907 0.5153199052892974;
1908, 1908 0.5114570433064043;
1909, 1909 0.46592403893662193;
1910, 1910 0.37447302734161925;
1911, 1911 0.4397951784809071;
1912, 1912 0.3082782030633393;
1913, 1913 0.3827120884479893;
1914, 1914 0.3720731762093903;
1915, 1915 0.28417702431293024;
1916, 1916 0.4440045430336941;
1917, 1917 0.4440045430336941;
1918, 1918 0.4429393684669829;
1919, 1919 0.35596722342357356;
1920, 1920 0.32452532356281627;
1921, 1921 0.30554468278973057;
1922, 1922 0.2205617191660838;
1923, 1923 0.23668050538041485;
1924, 1924 0.34020777320765117;
1925, 1925 0.23777134680415535;
1926, 1926 0.2784019814813625;
1927, 1927 0.28063499804290193;
1928, 1928 0.6918437145075491;
1929, 1929 0.6918437145075491;
1930, 1930 0.6435900232926726;
1931, 1931 0.6771751057153674;
1932, 1932 0.5871871049710284;
1933, 1933 0.49116739282483013;
1934, 1934 0.5070936776114421;
1935, 1935 0.5678086279139902;
1936, 1936 0.41655383944097557;
1937, 1937 0.4148213265915055;
1938, 1938 0.3353310703721051;
1939, 1939 0.2596138421359957;
1940, 1940 0.6472860507048761;
1941, 1941 0.6472860507048761;
1942, 1942 0.5848385875528577;
1943, 1943 0.6152794799894765;
1944, 1944 0.7419710862855562;
1945, 1945 0.6382641504591156;
1946, 1946 0.7484134673998832;
1947, 1947 0.7837567295290773;
1948, 1948 0.7741188247146165;
1949, 1949 0.6989662673331494;
1950, 1950 0.7594117156368909;
1951, 1951 0.6145993082782031;
1952, 1952 0.7037659695976075;
1953, 1953 0.7155727238310348;
1954, 1954 0.6776499425704072;
1955, 1955 0.6892641953761154;
1956, 1956 0.6349787927593795;
1957, 1957 0.6471448829912154;
1958, 1958 0.6839639893995879;
1959, 1959 0.607220086882311;
1960, 1960 0.6491982315535505;
1961, 1961 0.5378682391894405;
1962, 1962 0.4584036498270694;
1963, 1963 0.5417439346008479;
1964, 1964 0.5509840031313564;
1965, 1965 0.5509840031313564;
1966, 1966 0.652406588682199;
1967, 1967 0.6483127249860436;
1968, 1968 0.6536514312481148;
1969, 1969 0.6971567539125914;
1970, 1970 0.7514678233863565;
1971, 1971 0.778033020411568;
1972, 1972 0.7317171769023953;
1973, 1973 0.8199983316542929;
1974, 1974 0.7647375884704477;
1975, 1975 0.7092201767163104;
1976, 1976 0.8180091502345306;
1977, 1977 0.772553146435836;
1978, 1978 0.7674326084585126;
1979, 1979 0.7580128719287997;
1980, 1980 0.7032269655999948;
1981, 1981 0.6870953459571492;
1982, 1982 0.7210910980923106;
1983, 1983 0.5867379349730177;
1984, 1984 0.5782422052963556;
1985, 1985 0.5567462125344094;
1986, 1986 0.5279993326617172;
1987, 1987 0.5971330120698393;
1988, 1988 0.5423599391695486;
1989, 1989 0.4737395969020104;
1990, 1990 0.516693082140359;
1991, 1991 0.4924764025333186;
1992, 1992 0.4230988879834192;
1993, 1993 0.40682610062691293;
1994, 1994 0.4431703701802452;
1995, 1995 0.35920124740925163;
1996, 1996 0.30980538105657596;
1997, 1997 0.3393222666401443;
1998, 1998 0.42915626624230785;
1999, 1999 0.2427635504963328;
2000, 2000 0.4740347657578461;
2001, 2001 0.4740347657578461;
2002, 2002 0.4552081261269354;
2003, 2003 0.43597081678355765;
2004, 2004 0.37977323331814716;
2005, 2005 0.449291915581707;
2006, 2006 0.4000243835141777;
2007, 2007 0.3463549854661423;
2008, 2008 0.3766418767605859;
2009, 2009 0.3580077385573943;
2010, 2010 0.45948165782229533;
2011, 2011 0.4291947665278517;
2012, 2012 0.6301662570664064;
2013, 2013 0.6301662570664064;
2014, 2014 0.6375069781767546;
2015, 2015 0.5110078733083936;
2016, 2016 0.5279608323761735;
2017, 2017 0.45505412498476017;
2018, 2018 0.4865473585595761;
2019, 2019 0.41065046232426217;
2020, 2020 0.4937982456703218;
2021, 2021 0.416541006012461;
2022, 2022 0.31294957104265175;
2023, 2023 0.23422932053412726;
2024, 2024 0.6108134468663975;
2025, 2025 0.6108134468663975;
2026, 2026 0.6488388955551418;
2027, 2027 0.6590286377957302;
2028, 2028 0.7605282239176605;
2029, 2029 0.7338860263213618;
2030, 2030 0.7406492431485534;
2031, 2031 0.6722085688802191;
2032, 2032 0.6256360568007544;
2033, 2033 0.7222974403726825;
2034, 2034 0.7685491167392822;
2035, 2035 0.7123258664168424;
2036, 2036 0.7422405882843628;
2037, 2037 0.7013147847513201;
2038, 2038 0.6718107325962666;
2039, 2039 0.749427308252536;
2040, 2040 0.7980788357513651;
2041, 2041 0.7754278344231051;
2042, 2042 0.6912405433673634;
2043, 2043 0.7864132492315983;
2044, 2044 0.6793311217058191;
2045, 2045 0.6618391586404264;
2046, 2046 0.7000057750428315;
2047, 2047 0.7216044352328945;
2048, 2048 0.7419710862855562;
2049, 2049 0.6647908471987831;
2050, 2050 0.6776499425704072;
2051, 2051 0.6705402231733217;
2052, 2052 0.6407923358764909;
2053, 2053 0.6013295431941119;
2054, 2054 0.5206329446943398;
2055, 2055 0.5114057095923461;
2056, 2056 0.572569829892905;
2057, 2057 0.619565845113351;
2058, 2058 0.5154995732885019;
2059, 2059 0.4468278973069051;
2060, 2060 0.5036928190550745;
2061, 2061 0.524328972106543;
2062, 2062 0.4959670950892885;
2063, 2063 0.4461862258811753;
2064, 2064 0.40205206521948345;
2065, 2065 0.48626502313225495;
2066, 2066 0.40269373664521324;
2067, 2067 0.372522346207401;
2068, 2068 0.4533344455638044;
2069, 2069 0.3980993692369885;
2070, 2070 0.3938130041131136;
2071, 2071 0.4196338622844784;
2072, 2072 0.33440706351905414;
2073, 2073 0.24314855335177055;
2074, 2074 0.3427231251965117;
2075, 2075 0.26809673838414283;
2076, 2076 0.3195459532991536;
2077, 2077 0.27552729349409333;
2078, 2078 0.18950482216076425;
2079, 2079 0.23036645855123417;
2080, 2080 0.24805092304434573;
2081, 2081 0.18412761561314905;
2082, 2082 0.1626316228512028;
2083, 2083 0.239619360510257;
2084, 2084 0.4613040046713679;
2085, 2085 0.4613040046713679;
2086, 2086 0.3687878185096538;
2087, 2087 0.36002258683418553;
2088, 2088 0.3781177210397644;
2089, 2089 0.33544657122873667;
2090, 2090 0.3240889869933201;
2091, 2091 0.3049543450780592;
2092, 2092 0.304903011364001;
2093, 2093 0.2604736818464737;
2094, 2094 0.38167258073830723;
2095, 2095 0.2554814781542962;
2096, 2096 0.41012429175516374;
2097, 2097 0.24467573134500742;
2098, 2098 0.2723446032224739;
2099, 2099 0.31173039533376534;
2100, 2100 0.28936172943282656;
2101, 2101 0.35296420115115845;
2102, 2102 0.23824618365919537;
2103, 2103 0.32543649698735244;
2104, 2104 0.24636974390893385;
2105, 2105 0.2252202537168817;
2106, 2106 0.2807504988995333;
2107, 2107 0.34183761862900464;
2108, 2108 0.30986954819914914;
2109, 2109 0.30986954819914914;
2110, 2110 0.3615754316844515;
2111, 2111 0.28356101974422976;
2112, 2112 0.36773547737145695;
2113, 2113 0.4526286069955019;
2114, 2114 0.3320585461008836;
2115, 2115 0.4779232945977683;
2116, 2116 0.4441585441758691;
2117, 2117 0.4884210391227066;
2118, 2118 0.39757319866788987;
2119, 2119 0.4035407429271767;
2120, 2120 0.37977323331814716;
2121, 2121 0.3328798855258177;
2122, 2122 0.4780002951688558;
2123, 2123 0.4427468670392638;
2124, 2124 0.46805438807004474;
2125, 2125 0.3834307604448064;
2126, 2126 0.4504469241480207;
2127, 2127 0.430067439666844;
2128, 2128 0.5111747078790831;
2129, 2129 0.5194651026995116;
2130, 2130 0.46902972863715386;
2131, 2131 0.44236186418382606;
2132, 2132 0.5299628472244502;
2133, 2133 0.5091983598878356;
2134, 2134 0.39902337609003924;
2135, 2135 0.4887675416926007;
2136, 2136 0.4933105753867675;
2137, 2137 0.5093651944585256;
2138, 2138 0.5603267390899813;
2139, 2139 0.45665830354908454;
2140, 2140 0.4989701173617036;
2141, 2141 0.5254968141013712;
2142, 2142 0.5226092926855874;
2143, 2143 0.4156683328734687;
2144, 2144 0.4379856650603491;
2145, 2145 0.4088024486181605;
2146, 2146 0.4854693505643499;
2147, 2147 0.47368826318795176;
2148, 2148 0.48495601342376604;
2149, 2149 0.4984182799355763;
2150, 2150 0.49834127936448835;
2151, 2151 0.44829090815756856;
2152, 2152 0.40482408577863604;
2153, 2153 0.5072990124676757;
2154, 2154 0.502062973633721;
2155, 2155 0.5106485373099849;
2156, 2156 0.48575168599167107;
2157, 2157 0.4784751320238956;
2158, 2158 0.5154995732885019;
2159, 2159 0.4242923968352763;
2160, 2160 0.548109315144087;
2161, 2161 0.5320290292152998;
2162, 2162 0.4459423907393978;
2163, 2163 0.3683386485116431;
2164, 2164 0.43421263707705804;
2165, 2165 0.41709284343858877;
2166, 2166 0.4294642685266583;
2167, 2167 0.4090206169029087;
2168, 2168 0.5540896928318884;
2169, 2169 0.5130483884422141;
2170, 2170 0.5042574899097167;
2171, 2171 0.5465949705793651;
2172, 2172 0.49917545221793724;
2173, 2173 0.4356371476421783;
2174, 2174 0.4432345373228186;
2175, 2175 0.44954858415199905;
2176, 2176 0.5246113075338641;
2177, 2177 0.6206310196800624;
2178, 2178 0.462189511238875;
2179, 2179 0.5200939406967267;
2180, 2180 0.5152557381467244;
2181, 2181 0.4876253665548018;
2182, 2182 0.5651649416399835;
2183, 2183 0.5199784398400955;
2184, 2184 0.4802076448733661;
2185, 2185 0.49411908138318683;
2186, 2186 0.4161303362999942;
2187, 2187 0.4471487330197699;
2188, 2188 0.39211899154918717;
2189, 2189 0.3894496384181516;
2190, 2190 0.326565838696637;
2191, 2191 0.35662172827781813;
2192, 2192 0.34265895805393876;
2193, 2193 0.36542546023883005;
2194, 2194 0.31201273076108627;
2195, 2195 0.2460360747675545;
2196, 2196 0.33001803096706306;
2197, 2197 0.1993993955455169;
2198, 2198 0.19792355126633843;
2199, 2199 0.15665124516340145;
2200, 2200 0.18244643647773717;
2201, 2201 0.11288925392863325;
2202, 2202 0.13613059296856433;
2203, 2203 0.24108237136092092;
2204, 2204 0.3114737267634735;
2205, 2205 0.3114737267634735;
2206, 2206 0.3114737267634735;
2207, 2207 0.3867931187156304;
2208, 2208 0.4101884588977365;
2209, 2209 0.4759982803205791;
2210, 2210 0.4529237758513376;
2211, 2211 0.44413287731884;
2212, 2212 0.4612013372432513;
2213, 2213 0.5593257316658429;
2214, 2214 0.4754336094659368;
2215, 2215 0.5123425498739114;
2216, 2216 0.5226862932566747;
2217, 2217 0.5164235801415527;
2218, 2218 0.5368800651938166;
2219, 2219 0.4940677476691284;
2220, 2220 0.5311050223622489;
2221, 2221 0.5311948563618514;
2222, 2222 0.5500728297068203;
2223, 2223 0.5428732763101325;
2224, 2224 0.5617640830836161;
2225, 2225 0.5745205110271234;
2226, 2226 0.551856676270349;
2227, 2227 0.5038339867687349;
2228, 2228 0.3607540922595174;
2229, 2229 0.3920034906925558;
2230, 2230 0.3020539902337609;
2231, 2231 0.24047920022073477;
2232, 2232 0.12925187528474158;
2233, 2233 0.15716458230398533;
2234, 2234 0.09457595143830644;
2235, 2235 -0.025955609170768112;
2236, 2236 -0.0703079381172077;
2237, 2237 0.016433205212938562;
2238, 2238 0.03087081229185773;
2239, 2239 0.07817482979665424;
2240, 2240 0.11757345533646024;
2241, 2241 0.11088723908035636;
2242, 2242 0.13860744467188124;
2243, 2243 0.0986313148489184;
2244, 2244 0.17728739821486994;
2245, 2245 0.05055729163324618;
2246, 2246 0.11406992935197602;
2247, 2247 0.06786958669943455;
2248, 2248 0.06753591755805521;
2249, 2249 0.11102840679401704;
2250, 2250 0.1287898718582161;
2251, 2251 0.17040868053104719;
2252, 2252 0.21272049434366624;
2253, 2253 0.2180848674627669;
2254, 2254 0.1992582278318562;
2255, 2255 0.28078899918507716;
2256, 2256 0.16954884082056942;
2257, 2257 0.1976925495530757;
2258, 2258 0.2103591434969807;
2259, 2259 0.30092464852447653;
2260, 2260 0.26790423695642396;
2261, 2261 0.34641915260871525;
2262, 2262 0.2049562700923364;
2263, 2263 0.29149207856624915;
2264, 2264 0.3425177903402783;
2265, 2265 0.40075588893950953;
2266, 2266 0.3761028727629727;
2267, 2267 0.31705626816732213;
2268, 2268 0.2855245343069628;
2269, 2269 0.3450331423291386;
2270, 2270 0.27085592551478066;
2271, 2271 0.15813992287109446;
2272, 2272 0.06835725698298911;
2273, 2273 0.14887418748355707;
2274, 2274 0.007693640394499601;
2275, 2275 -0.049992620778604224;
2276, 2276 0.46123983752879494;
2277, 2277 0.46123983752879494;
2278, 2278 0.44818824072945196;
2279, 2279 0.5000866256424734;
2280, 2280 0.5530758519792354;
2281, 2281 0.4885622068363673;
2282, 2282 0.4640631918020057;
2283, 2283 0.4471487330197699;
2284, 2284 0.41909485828686543;
2285, 2285 0.29248025256187304;
2286, 2286 0.25310729387909614;
2287, 2287 0.16358129656128284;
2288, 2288 0.14230347208408456;
2289, 2289 0.05375281533338039;
2290, 2290 0.023286256039732223;
2291, 2291 0.11009156651245156;
2292, 2292 0.19006949301540654;
2293, 2293 0.2486412607560171;
2294, 2294 0.24841025904275438;
2295, 2295 0.3202646252959709;
2296, 2296 0.4422976970412531;
2297, 2297 0.2875137157267249;
2298, 2298 0.3229083115699771;
2299, 2299 0.2972927882548462;
2300, 2300 0.37668037704612956;
2301, 2301 0.37668037704612956;
2302, 2302 0.28856605686492176;
2303, 2303 0.24631841019487566;
2304, 2304 0.10942422822969267;
2305, 2305 0.0957822937186783;
2306, 2306 0.15106870375955284;
2307, 2307 0.029510468869310635;
2308, 2308 0.09732230514042972;
2309, 2309 0.05526715989810249;
2310, 2310 0.11834346104733595;
2311, 2311 0.02508293603177547;
2312, 2312 0.16961300796314216;
2313, 2313 0.22880078027245365;
2314, 2314 0.28276534717632473;
2315, 2315 0.20499477037788028;
2316, 2316 0.30843220420551454;
2317, 2317 0.29638161483031;
2318, 2318 0.46896556149458113;
2319, 2319 0.42430523026379086;
2320, 2320 0.4208145377078214;
2321, 2321 0.4190820248583509;
2322, 2322 0.27530912520934514;
2323, 2323 0.17705639650160743;
2324, 2324 0.4018595637917648;
2325, 2325 0.4018595637917648;
2326, 2326 0.403181406928768;
2327, 2327 0.31755677187939146;
2328, 2328 0.12365650045237819;
2329, 2329 0.11563560763075653;
2330, 2330 0.14203397008527796;
2331, 2331 0.164017633130779;
2332, 2332 0.08815923718100915;
2333, 2333 0.1419441360856759;
2334, 2334 0.23326681339553246;
2335, 2335 0.3692241550791502;
2336, 2336 0.5236744672522986;
2337, 2337 0.36681147051840624;
2338, 2338 0.5049119947639611;
2339, 2339 0.4507035927183125;
2340, 2340 0.33554923865685327;
2341, 2341 0.25675198757724105;
2342, 2342 0.19859088954909732;
2343, 2343 0.04082955281918332;
2344, 2344 -0.005203955262668258;
2345, 2345 -0.06983310126216791;
2346, 2346 -0.09301027315952604;
2347, 2347 -0.049941287064545925;
2348, 2348 0.5379324063320137;
2349, 2349 0.5379324063320137;
2350, 2350 0.6309105959202528;
2351, 2351 0.671169061170537;
2352, 2352 0.5252529789595939;
2353, 2353 0.46999223577574867;
2354, 2354 0.2817130060381281;
2355, 2355 0.14530649435649967;
2356, 2356 0.08205052520806189;
2357, 2357 0.18784930988238147;
2358, 2358 0.24421372791848195;
2359, 2359 0.30541634850458466;
2360, 2360 0.37087966735753275;
2361, 2361 0.4936442445281468;
2362, 2362 0.4422848636127381;
2363, 2363 0.332417882099292;
2364, 2364 0.3169022670251471;
2365, 2365 0.14657700377944471;
2366, 2366 0.03889170511347939;
2367, 2367 0.06829308984041638;
2368, 2368 -0.03733886026321376;
2369, 2369 -0.06853692498219377;
2370, 2370 -0.07739199065726399;
2371, 2371 -0.031114647433635234;
2372, 2372 0.16455663712839197;
2373, 2373 0.16455663712839197;
2374, 2374 0.22795377399049044;
2375, 2375 0.3019513228056441;
2376, 2376 0.4066720994847379;
2377, 2377 0.4664887097912642;
2378, 2378 0.5582990573846753;
2379, 2379 0.3385522609292684;
2380, 2380 0.1562149085939053;
2381, 2381 0.0795993403617743;
2382, 2382 -0.021014739192649068;
2383, 2383 -0.0856952189062069;
2384, 2384 0.6043068986094977;
2385, 2385 0.6043068986094977;
2386, 2386 0.6561924500940046;
2387, 2387 0.4902048856862353;
2388, 2388 0.25566114615350055;
2389, 2389 0.15734425030318966;
2390, 2390 0.17031884653144513;
2391, 2391 0.29079907342646116;
2392, 2392 0.3278235146910673;
2393, 2393 0.40477275206457786;
2394, 2394 0.33710208350711923;
2395, 2395 0.264644546113717;
2396, 2396 0.16811149682693483;
2397, 2397 0.16811149682693483;
2398, 2398 0.2614875226991267;
2399, 2399 0.3384624269296663;
2400, 2400 0.4187611891454859;
2401, 2401 0.4413095230456292;
2402, 2402 0.4404240164781221;
2403, 2403 0.4241383956931013;
2404, 2404 0.3611005948294115;
2405, 2405 0.37487086362557176;
2406, 2406 0.21775119832138734;
2407, 2407 0.07984317550355158;
2408, 2408 0.2697650840910404;
2409, 2409 0.2697650840910404;
2410, 2410 0.4458910570253396;
2411, 2411 0.4727257560493572;
2412, 2412 0.4878050345540059;
2413, 2413 0.36889048593777063;
2414, 2414 0.27144626322645204;
2415, 2415 0.0621330441534107;
2416, 2416 0.18766964188317714;
2417, 2417 0.029253800299018806;
2418, 2418 -0.0003529192841513762;
2419, 2419 -0.030485809436420097;
2420, 2420 0.1190492996156387;
2421, 2421 0.1190492996156387;
2422, 2422 0.19733321355466704;
2423, 2423 0.1812914279114235;
2424, 2424 0.2644392112574834;
2425, 2425 0.2959452782608136;
2426, 2426 0.41704150972453036;
2427, 2427 0.46689937950373106;
2428, 2428 0.45588829783820883;
2429, 2429 0.3209319635787298;
2430, 2430 0.2515544490288302;
2431, 2431 0.13559158897095136;
2432, 2432 0.5757781870215537;
2433, 2433 0.5757781870215537;
2434, 2434 0.3801582361735849;
2435, 2435 0.3287988552581764;
2436, 2436 0.25249128931039566;
2437, 2437 0.17279569823476182;
2438, 2438 0.23588483281250983;
2439, 2439 0.29617627997407636;
2440, 2440 0.41647683886988807;
2441, 2441 0.4545921215582347;
2442, 2442 0.4500362544355536;
2443, 2443 0.4985979479347804;
2444, 2444 0.6582842989418838;
2445, 2445 0.6582842989418838;
2446, 2446 0.6736587463023684;
2447, 2447 0.6912790436529068;
2448, 2448 0.5674877922011254;
2449, 2449 0.4518714347131405;
2450, 2450 0.11636711305608838;
2451, 2451 0.19048016272787338;
2452, 2452 0.14320181208010618;
2453, 2453 -0.26452904525708565;
2454, 2454 0.38592044557663785;
2455, 2455 0.4727770897634158;
2456, 2456 0.5822077347073658;
2457, 2457 0.3967775260999853;
2458, 2458 0.2864742080170428;
2459, 2459 0.23687300680813372;
2460, 2460 0.10038949455541779;
2461, 2461 0.04355023966427751;
2462, 2462 0.05995136130592971;
2463, 2463 -0.042472231669051674;
2464, 2464 0.04519291851414553;
2465, 2465 0.20290292153000133;
2466, 2466 0.17337320251791866;
2467, 2467 -0.01618937007116139;
2468, 2468 0.42943860166962877;
2469, 2469 0.42943860166962877;
2470, 2470 0.42857876195915123;
2471, 2471 0.26764756838613213;
2472, 2472 0.17910974506394228;
2473, 2473 0.15206971118369128;
2474, 2474 0.08240986120647054;
2475, 2475 0.1039571876824752;
2476, 2476 0.056075665894522064;
2477, 2477 0.19596003670360562;
2478, 2478 0.18852948159365512;
2479, 2479 0.26977791751955493;
2480, 2480 0.1722181939516052;
2481, 2481 0.1722181939516052;
2482, 2482 0.20106774125241422;
2483, 2483 0.3606770916884299;
2484, 2484 0.4951072553788105;
2485, 2485 0.5821949012788512;
2486, 2486 0.5381120743312178;
2487, 2487 0.3333033886667993;
2488, 2488 0.2583304992845361;
2489, 2489 0.10815371880674762;
2490, 2490 0.08330820120249216;
2491, 2491 0.07862399979466494;
2492, 2492 0.662955666921196;
2493, 2493 0.662955666921196;
2494, 2494 0.662955666921196;
2495, 2495 0.7011094498950865;
2496, 2496 0.7391220651553165;
2497, 2497 0.6310902639194573;
2498, 2498 0.5199784398400955;
2499, 2499 0.3483441668859044;
2500, 2500 0.2926214202755335;
2501, 2501 0.14418998607573008;
2502, 2502 0.2775036414853409;
2503, 2503 0.2547499727289644;
2504, 2504 0.25723965786079583;
2505, 2505 0.3715341722117771;
2506, 2506 0.4207503705652482;
2507, 2507 0.5186694301316068;
2508, 2508 0.534274879205354;
2509, 2509 0.49161656282284083;
2510, 2510 0.46815705549816133;
2511, 2511 0.30613502050140196;
2512, 2512 0.22986595483916505;
2513, 2513 0.1262103527267826;
2514, 2514 0.12963687814017955;
2515, 2515 0.10459885910820499;
2516, 2516 0.4135893174541043;
2517, 2517 0.4135893174541043;
2518, 2518 0.5460174662962083;
2519, 2519 0.6154719814171952;
2520, 2520 0.43775466334708635;
2521, 2521 0.41709284343858877;
2522, 2522 0.35259203172423526;
2523, 2523 0.28172583946664265;
2524, 2524 0.14130246465994611;
2525, 2525 0.13465474868938587;
2526, 2526 0.12157748503301402;
2527, 2527 0.0550489916133543;
2528, 2528 0.36529712595368413;
2529, 2529 0.36529712595368413;
2530, 2530 0.4859570208479045;
2531, 2531 0.5139210615812067;
2532, 2532 0.5567847128199532;
2533, 2533 0.5010106324955244;
2534, 2534 0.29867879853442236;
2535, 2535 0.1787632424940484;
2536, 2536 0.2193040431716533;
2537, 2537 0.1319083949872626;
2538, 2538 0.11653394762677816;
2539, 2539 0.194740860994719;
2540, 2540 0.4863035234177986;
2541, 2541 0.4863035234177986;
2542, 2542 0.5145242327213926;
2543, 2543 0.3999602163716047;
2544, 2544 0.2735894457883894;
2545, 2545 0.18661730074498029;
2546, 2546 0.18493612160956863;
2547, 2547 0.05108346220234461;
2548, 2548 0.2048792695212489;
2549, 2549 0.23306147853929904;
2550, 2550 0.3275540126922607;
2551, 2551 0.3451229763287411;
2552, 2552 0.5477884794312222;
2553, 2553 0.5477884794312222;
2554, 2554 0.5156407410021622;
2555, 2555 0.41233164145967405;
2556, 2556 0.26359220497552016;
2557, 2557 0.11528910506086243;
2558, 2558 0.06793375384200773;
2559, 2559 0.15183870947042832;
2560, 2560 0.234614323389565;
2561, 2561 0.3212656327201091;
2562, 2562 0.35680139627702223;
2563, 2563 0.1650828076974904;
2564, 2564 0.5942711575110846;
2565, 2565 0.5942711575110846;
2566, 2566 0.6150099779906699;
2567, 2567 0.5691561379080228;
2568, 2568 0.29396893026956605;
2569, 2569 0.24439339591768627;
2570, 2570 0.21130881720706074;
2571, 2571 0.2298787882676796;
2572, 2572 0.2774523077712825;
2573, 2573 0.32174046957514935;
2574, 2574 0.37997856817438036;
2575, 2575 0.17674839421725697;
2576, 2576 0.5893944546755387;
2577, 2577 0.5893944546755387;
2578, 2578 0.6148303099914656;
2579, 2579 0.4111381326078165;
2580, 2580 0.3214581341478282;
2581, 2581 0.26849457466809534;
2582, 2582 0.2892718954332243;
2583, 2583 0.306609857356442;
2584, 2584 0.34761266146057235;
2585, 2585 0.4400646804797135;
2586, 2586 0.2765026340612027;
2587, 2587 0.6067067497417271;
2588, 2588 0.6067067497417271;
2589, 2589 0.6067067497417271;
2590, 2590 0.5161797449997754;
2591, 2591 0.5058488350455266;
2592, 2592 0.44441521274616114;
2593, 2593 0.33225104752860246;
2594, 2594 0.3206367947228941;
2595, 2595 0.26138485527100985;
2596, 2596 0.16440263598621674;
2597, 2597 0.25590498129527783;
2598, 2598 0.29399459712659537;
2599, 2599 0.37771988475581164;
2600, 2600 0.5619180842257911;
2601, 2601 0.5619180842257911;
2602, 2602 0.4936827448136907;
2603, 2603 0.35618539170832175;
2604, 2604 0.502062973633721;
2605, 2605 0.4183376860045045;
2606, 2606 0.3178134404496833;
2607, 2607 0.3433647966222415;
2608, 2608 0.24701141533466364;
2609, 2609 0.26594072239369093;
2610, 2610 0.19010799330095018;
2611, 2611 0.2679427372419678;
2612, 2612 0.3385265940722393;
2613, 2613 0.3385265940722393;
2614, 2614 0.3385265940722393;
2615, 2615 0.3385265940722393;
2616, 2616 0.3385265940722393;
2617, 2617 0.3385265940722393;
2618, 2618 0.344776473758847;
2619, 2619 0.31899411587302584;
2620, 2620 0.28771905058295855;
2621, 2621 0.34426313661826313;
2622, 2622 0.4008072226535677;
2623, 2623 0.3432364623370956;
2624, 2624 0.1895689893033372;
2625, 2625 0.1895689893033372;
2626, 2626 0.20952497064353226;
2627, 2627 0.24189087735734027;
2628, 2628 0.3811207433121795;
2629, 2629 0.4970836033700581;
2630, 2630 0.5072990124676757;
2631, 2631 0.5530245182651772;
2632, 2632 0.6896748650885824;
2633, 2633 0.630281757923038;
2634, 2634 0.4715579140545292;
2635, 2635 0.3914644866949428;
2636, 2636 0.7183447443901874;
2637, 2637 0.7183447443901874;
2638, 2638 0.551561507414513;
2639, 2639 0.42739808653580824;
2640, 2640 0.2314187996894308;
2641, 2641 0.2170453597530848;
2642, 2642 0.23149580026051852;
2643, 2643 0.3641677842443998;
2644, 2644 0.6007392054824403;
2645, 2645 0.6942820659253222;
2646, 2646 0.6405100004491697;
2647, 2647 0.4816193220099714;
2648, 2648 0.8386838035715429;
2649, 2649 0.8386838035715429;
2650, 2650 0.7848090706672739;
2651, 2651 0.6544856041015636;
2652, 2652 0.5014854693505642;
2653, 2653 0.3508210185892209;
2654, 2654 0.23772001309009694;
2655, 2655 0.24770442047445163;
2656, 2656 0.3741136913432106;
2657, 2657 0.5063621721861102;
2658, 2658 0.6715412305974602;
2659, 2659 0.5635864299326887;
2660, 2660 0.8415456581302976;
2661, 2661 0.8415456581302976;
2662, 2662 0.927054792323043;
2663, 2663 0.8654800023100171;
2664, 2664 0.6325661081986358;
2665, 2665 0.4219823797026492;
2666, 2666 0.2636050384040347;
2667, 2667 0.33014636525220875;
2668, 2668 0.28420269116995955;
2669, 2669 0.5303991837939463;
2670, 2670 0.680794132556483;
2671, 2671 0.7128007032718826;
2672, 2672 0.8202550002245848;
2673, 2673 0.8202550002245848;
2674, 2674 0.6316806016311287;
2675, 2675 0.36029208883299213;
2676, 2676 0.2116938200624987;
2677, 2677 0.15897409572454313;
2678, 2678 0.29367376141373036;
2679, 2679 0.49243790224777495;
2680, 2680 0.6520344192552758;
2681, 2681 0.6362493021823243;
2682, 2682 0.5310408552196759;
2683, 2683 0.39143881983791373;
2684, 2684 0.31409174618045066;
2685, 2685 0.31409174618045066;
2686, 2686 0.31409174618045066;
2687, 2687 0.254159635017293;
2688, 2688 0.443747874463402;
2689, 2689 0.5788710432935709;
2690, 2690 0.6301020899238334;
2691, 2691 0.7213092663770588;
2692, 2692 0.6888021919495901;
2693, 2693 0.6228512028130873;
2694, 2694 0.5424241063121218;
2695, 2695 0.41741367915145355;
2696, 2696 0.8830361325179825;
2697, 2697 0.8830361325179825;
2698, 2698 0.8483088749574892;
2699, 2699 0.8008765231675465;
2700, 2700 0.6690002117515703;
2701, 2701 0.45160193271433435;
2702, 2702 0.306763858498617;
2703, 2703 0.21950937802788695;
2704, 2704 0.5759835218777871;
2705, 2705 0.3479976643160103;
2706, 2706 0.46045699838940446;
2707, 2707 0.6509692446885647;
2708, 2708 0.6916383796513157;
2709, 2709 0.7518784930988238;
2710, 2710 0.7158037255442977;
2711, 2711 0.5705549816161135;
2712, 2712 0.5179507581347893;
2713, 2713 0.4665657103623517;
2714, 2714 0.42680774882413686;
2715, 2715 0.3691856547936063;
2716, 2716 0.4015900617929582;
2717, 2717 0.484327175426551;
2718, 2718 0.5243033052495139;
2719, 2719 0.7311910063332969;
2720, 2720 0.2666080606764498;
2721, 2721 0.2666080606764498;
2722, 2722 0.33584440751268896;
2723, 2723 0.3894753052751807;
2724, 2724 0.48386517200002555;
2725, 2725 0.6282155759321879;
2726, 2726 0.7242866217924449;
2727, 2727 0.648736228127025;
2728, 2728 0.6200278485398765;
2729, 2729 0.47476627118317793;
2730, 2730 0.4474567353041201;
2731, 2731 0.4227010516994665;
2732, 2732 0.7851042395231096;
2733, 2733 0.7851042395231096;
2734, 2734 0.5452474605853324;
2735, 2735 0.30682802564119016;
2736, 2736 0.22474541686184168;
2737, 2737 0.33671708065168127;
2738, 2738 0.4760496140346373;
2739, 2739 0.6181541679767457;
2740, 2740 0.6416393421584543;
2741, 2741 0.6593109732230513;
2742, 2742 0.6069890851690483;
2743, 2743 0.4413608567596876;
2744, 2744 0.5816173969956944;
2745, 2745 0.5816173969956944;
2746, 2746 0.569143304479508;
2747, 2747 0.43453347278992305;
2748, 2748 0.3724966793503717;
2749, 2749 0.40133339322266637;
2750, 2750 0.41174130374800266;
2751, 2751 0.486983695129072;
2752, 2752 0.6058725768882782;
2753, 2753 0.7484391342569123;
2754, 2754 0.8024037011607834;
2755, 2755 0.9513356390726562;
2756, 2756 0.3913618192668262;
2757, 2757 0.3913618192668262;
2758, 2758 0.264862714398465;
2759, 2759 0.3301078649666651;
2760, 2760 0.604781735464538;
2761, 2761 0.7696784584485667;
2762, 2762 0.7884024306513604;
2763, 2763 0.6157671502730311;
2764, 2764 0.553499355120217;
2765, 2765 0.3778995527550162;
2766, 2766 0.40599192777346405;
2767, 2767 0.4925020693903479;
2768, 2768 0.9548648319141697;
2769, 2769 0.9548648319141697;
2770, 2770 0.9288129720295424;
2771, 2771 0.8569971060618697;
2772, 2772 0.3678894785136324;
2773, 2773 0.2986659651059078;
2774, 2774 0.2645162118285709;
2775, 2775 0.5899206252446372;
2776, 2776 0.6739539151582041;
2777, 2777 0.7607977259164669;
2778, 2778 0.46109866981513425;
2779, 2779 0.33262321695552566;
2780, 2780 0.47987397573198654;
2781, 2781 0.47987397573198654;
2782, 2782 0.3595220831221164;
2783, 2783 0.22744043684990656;
2784, 2784 0.11394159506682988;
2785, 2785 0.14062229294867246;
2786, 2786 0.19941222897403144;
2787, 2787 0.42018569971060615;
2788, 2788 0.6121609568604298;
2789, 2789 0.5187335972741798;
2790, 2790 0.6235442079528757;
2791, 2791 0.6469395481349818;
2792, 2792 0.9537483236334001;
2793, 2793 0.9537483236334001;
2794, 2794 0.9094344949725044;
2795, 2795 0.7751198321387549;
2796, 2796 0.543810116591698;
2797, 2797 0.4352136445011967;
2798, 2798 0.22717093485109996;
2799, 2799 0.26401570811650177;
2800, 2800 0.21120614977894392;
2801, 2801 0.3920291575495851;
2802, 2802 0.5961063377886717;
2803, 2803 0.7434212637077056;
2804, 2804 0.6139448034239587;
2805, 2805 0.6139448034239587;
2806, 2806 0.7695757910204499;
2807, 2807 0.8359759501549633;
2808, 2808 0.8800716105311113;
2809, 2809 0.9548134982001115;
2810, 2810 0.8699588688616104;
2811, 2811 0.7535211719486916;
2812, 2812 0.5337615420647703;
2813, 2813 0.3545427128584535;
2814, 2814 0.23908035651264403;
2815, 2815 0.17243636223635317;
2816, 2816 0.15862759315464925;
2817, 2817 0.4227523854135251;
2818, 2818 0.6061035786015412;
2819, 2819 0.7059476524450887;
2820, 2820 0.6730427417336677;
2821, 2821 0.6358386324698575;
2822, 2822 0.5099811990272258;
2823, 2823 0.35775106998710227;
2824, 2824 0.32147096757634275;
2825, 2825 0.40674910005582543;
2826, 2826 0.49078238996939216;
2827, 2827 0.6666516943333995;
2828, 2828 0.6775729419993197;
2829, 2829 0.6775729419993197;
2830, 2830 0.6698600514620483;
2831, 2831 0.6709123926002449;
2832, 2832 0.4030530726436219;
2833, 2833 0.311768895619309;
2834, 2834 0.34223545491295715;
2835, 2835 0.40780144119402206;
2836, 2836 0.4909877248256256;
2837, 2837 0.7206547615228145;
2838, 2838 0.8248622010613245;
2839, 2839 1.0;
2840, 2840 0.6326046084841794;
2841, 2841 0.6326046084841794;
2842, 2842 0.6306924276355048;
2843, 2843 0.4699537354902048;
2844, 2844 0.32660433898218066;
2845, 2845 0.3238451518515426;
2846, 2846 0.3476896620316601;
2847, 2847 0.46117567038622176;
2848, 2848 0.5989168586333682;
2849, 2849 0.7066534910133915;
2850, 2850 0.7995675134590579;
2851, 2851 0.5562842091078841;
2852, 2852 0.4551182921273329;
2853, 2853 0.4551182921273329;
2854, 2854 0.5895741226747431;
2855, 2855 0.5736863381736745;
2856, 2856 0.6065912488850957;
2857, 2857 0.45047259100504977;
2858, 2858 0.3699813273615111;
2859, 2859 0.3578152371296752;
2860, 2860 0.4703515717741571;
2861, 2861 0.6364674704670725;
2862, 2862 0.8071777365682127;
2863, 2863 0.7797141995469798;
2864, 2864 0.09384444601297459;
2865, 2865 0.09384444601297459;
2866, 2866 0.21990721431183946;
2867, 2867 0.5347368826318795;
2868, 2868 0.6225817008142811;
2869, 2869 0.49310524053053384;
2870, 2870 0.3465346534653464;
2871, 2871 0.3125132344731556;
2872, 2872 0.38507343929467464;
2873, 2873 0.5373549020488568;
2874, 2874 0.7091816764307668;
2875, 2875 0.23529449510083866;
2876, 2876 0.23529449510083866;
2877, 2877 0.23529449510083866;
2878, 2878 0.23529449510083866;
2879, 2879 0.3193791187284636;
2880, 2880 0.5275373292351917;
2881, 2881 0.5079663507504346;
2882, 2882 0.620836354536296;
2883, 2883 0.5226349595426165;
2884, 2884 0.44164319218700854;
2885, 2885 0.2826113460341497;
2886, 2886 0.2786714834801691;
2887, 2887 0.2753732923519183;
2888, 2888 0.10916755965940061;
2889, 2889 0.10916755965940061;
2890, 2890 0.1911731678676616;
2891, 2891 0.17694089564497584;
2892, 2892 0.2520549527408993;
2893, 2893 0.33214838010048564;
2894, 2894 0.4986749485058679;
2895, 2895 0.5617640830836161;
2896, 2896 0.47756395859935963;
2897, 2897 0.31819844330512104;
2898, 2898 0.2866923763017908;
2899, 2899 0.3296073612545958;
2900, 2900 0.1076018813806201;
2901, 2901 0.1076018813806201;
2902, 2902 0.24998877075004966;
2903, 2903 0.4852640157081165;
2904, 2904 0.5334663732089346;
2905, 2905 0.483698337429336;
2906, 2906 0.4883697054086482;
2907, 2907 0.3503461817341811;
2908, 2908 0.25116944617339243;
2909, 2909 0.30637885564317924;
2910, 2910 0.37719371418671344;
2911, 2911 0.5474034765757845;
2912, 2912 0.13383340926445197;
2913, 2913 0.13383340926445197;
2914, 2914 0.2226664014424773;
2915, 2915 0.3607284254024883;
2916, 2916 0.5194009355569387;
2917, 2917 0.4801306443022786;
2918, 2918 0.2960351122604157;
2919, 2919 0.21115481606488573;
2920, 2920 0.31532375531785184;
2921, 2921 0.2866667094447617;
2922, 2922 0.4108557971804958;
2923, 2923 0.6353637956148173;
2924, 2924 0.2836251868868027;
2925, 2925 0.2836251868868027;
2926, 2926 0.4092387851876569;
2927, 2927 0.43078611166366154;
2928, 2928 0.3639881162451952;
2929, 2929 -0.4620996772392729;
2930, 2930 -0.3093818779155947;
2931, 2931 0.16403046655929354;
2932, 2932 0.24721675019089706;
2933, 2933 0.42856592853063646;
2934, 2934 0.5792303792919795;
2935, 2935 -0.035413845986024484;
2936, 2936 -0.035413845986024484;
2937, 2937 -0.035413845986024484;
2938, 2938 0.025185603459892292;
2939, 2939 0.1998742324005569;
2940, 2940 0.3119613970470281;
2941, 2941 0.513561725582798;
2942, 2942 0.4822738268642157;
2943, 2943 0.3173514370231578;
2944, 2944 0.14055812580609972;
2945, 2945 0.1918661730074498;
2946, 2946 0.2374633445198051;
2947, 2947 0.31623492874238823;
2948, 2948 0.23665483852338554;
2949, 2949 0.23665483852338554;
2950, 2950 -0.02531393774503843;
2951, 2951 -0.02033456748137563;
2952, 2952 0.08945541346098307;
2953, 2953 0.23544849624301367;
2954, 2954 0.47415026661447723;
2955, 2955 0.42965676995437696;
2956, 2956 0.3154649230315123;
2957, 2957 0.2137215017678047;
2958, 2958 0.22536142143054216;
2959, 2959 0.3612289291145576;
2960, 2960 0.6380331487458533;
2961, 2961 0.6380331487458533;
2962, 2962 0.7117996958477442;
2963, 2963 0.5796795492899904;
2964, 2964 0.3825195870202702;
2965, 2965 0.07554397695116233;
2966, 2966 0.040508717106318315;
2967, 2967 0.2796853243328219;
2968, 2968 0.13593809154084546;
2969, 2969 0.39356916897133654;
2970, 2970 0.4336222993653869;
2971, 2971 0.36520729195408186;
2972, 2972 0.06371155586070576;
2973, 2973 0.06371155586070576;
2974, 2974 0.1999768998286735;
2975, 2975 0.4040669134962749;
2976, 2976 0.4192360260005261;
2977, 2977 0.4172725114377931;
2978, 2978 0.4092002849021128;
2979, 2979 0.25560981243944214;
2980, 2980 0.23629550252497689;
2981, 2981 0.10969373022849904;
2982, 2982 0.1855007924642107;
2983, 2983 0.21042331063955388;
2984, 2984 0.6251740533742292;
2985, 2985 0.6251740533742292;
2986, 2986 0.4874328651270827;
2987, 2987 0.2426480496397012;
2988, 2988 0.14136663180251907;
2989, 2989 -0.04239523109796395;
2990, 2990 -0.03380966742170011;
2991, 2991 -0.03533684541493687;
2992, 2992 0.12431100530662254;
2993, 2993 0.379555065033399;
2994, 2994 0.4129091457428309;
2995, 2995 0.47065957405850756;
2996, 2996 0.6352097944726423;
2997, 2997 0.6352097944726423;
2998, 2998 0.4169773425819574;
2999, 2999 0.26287353297870286;
3000, 3000 0.010696662666914714;
3001, 3001 -0.01733154520896041;
3002, 3002 0.060362031018396545;
3003, 3003 0.1330249032680324;
3004, 3004 0.37825888875342484;
3005, 3005 0.31478475132023886;
3006, 3006 0.38210891730780316;
3007, 3007 0.38730645585621404;
3008, 3008 0.6467085464217193;
3009, 3009 0.6467085464217193;
3010, 3010 0.663058334349313;
3011, 3011 0.5865454335452986;
3012, 3012 0.27917198719223824;
3013, 3013 0.11087440565184181;
3014, 3014 -0.08249969520607281;
3015, 3015 -0.12764769672041743;
3016, 3016 -0.07136027925540456;
3017, 3017 0.14786034663090408;
3018, 3018 0.3661569656641619;
3019, 3019 0.44002618019416984;
3020, 3020 0.4973531053688647;
3021, 3021 0.4973531053688647;
3022, 3022 0.231636967974179;
3023, 3023 0.003689610697946044;
3024, 3024 -0.1539048914612785;
3025, 3025 -0.024158929178724753;
3026, 3026 0.15840942486990106;
3027, 3027 0.2756427943507247;
3028, 3028 0.3760643724774291;
3029, 3029 0.3364219117958458;
3030, 3030 0.2527992915947459;
3031, 3031 0.1663019834063768;
3032, 3032 0.2951752725499379;
3033, 3033 0.2951752725499379;
3034, 3034 0.2951752725499379;
3035, 3035 0.3606642582599153;
3036, 3036 0.3404901086349721;
3037, 3037 0.22932695084155208;
3038, 3038 0.06749741727251135;
3039, 3039 0.14733417606180566;
3040, 3040 0.25347946330601934;
3041, 3041 0.28641004087446964;
3042, 3042 0.54295027688122;
3043, 3043 -0.024608099176735676;
3044, 3044 -0.024608099176735676;
3045, 3045 -0.024608099176735676;
3046, 3046 0.1654549771244136;
3047, 3047 0.2736664463594771;
3048, 3048 0.3572120659894893;
3049, 3049 0.3326873840980986;
3050, 3050 0.20457126723689845;
3051, 3051 0.15002919604987053;
3052, 3052 0.14334297979376687;
3053, 3053 0.21059014521024366;
3054, 3054 0.3618449336832581;
3055, 3055 0.5581578896710151;
3056, 3056 0.2102308092118348;
3057, 3057 0.2102308092118348;
3058, 3058 0.38959080613181185;
3059, 3059 0.4321207882291793;
3060, 3060 0.3096642133429155;
3061, 3061 0.16985684310491966;
3062, 3062 0.18207426705081398;
3063, 3063 0.23843868508691424;
3064, 3064 0.28792438543919197;
3065, 3065 0.5084796878910185;
3066, 3066 0.6307180944925341;
3067, 3067 -0.04357590652130683;
3068, 3068 -0.04357590652130683;
3069, 3069 -0.04357590652130683;
3070, 3070 0.16524964226817995;
3071, 3071 0.2539157998755157;
3072, 3072 0.1688301688237519;
3073, 3073 0.30403033822500847;
3074, 3074 0.44580122302573755;
3075, 3075 0.34598281603921865;
3076, 3076 0.34880617031242966;
3077, 3077 0.2126819940581226;
3078, 3078 0.18077809077083984;
3079, 3079 0.08745339861270618;
3080, 3080 -0.024980268603658873;
3081, 3081 -0.024980268603658873;
3082, 3082 0.1489768549116739;
3083, 3083 0.3206752950084377;
3084, 3084 0.3969315272421603;
3085, 3085 0.34860083545619625;
3086, 3086 0.36151126454187854;
3087, 3087 0.27333277721809757;
3088, 3088 0.15458506317255183;
3089, 3089 0.18325494247415652;
3090, 3090 0.07567231123630824;
3091, 3091 0.1783140724960377;
3092, 3092 0.04928678221030136;
3093, 3093 0.04928678221030136;
3094, 3094 -0.14113563008925656;
3095, 3095 -0.1639919662737499;
3096, 3096 -0.07114211097065648;
3097, 3097 0.008733148104181687;
3098, 3098 0.22667043113903085;
3099, 3099 0.26832774009740556;
3100, 3100 0.374858030197057;
3101, 3101 0.34568764718338296;
3102, 3102 0.331314207247037;
3103, 3103 0.24213471249911755;
3104, 3104 -0.20374992781196466;
3105, 3105 -0.20374992781196466;
3106, 3106 -0.06126037101441839;
3107, 3107 -0.03314232913894111;
3108, 3108 0.04534691965632076;
3109, 3109 0.21410650462324265;
3110, 3110 0.37469119562636743;
3111, 3111 0.41946702771378863;
3112, 3112 0.2947902696945002;
3113, 3113 0.28489569630974754;
3114, 3114 0.21369583491077537;
3115, 3115 0.14031429066432244;
3116, 3116 0.45301360985093964;
3117, 3117 0.45301360985093964;
3118, 3118 0.26955974923480674;
3119, 3119 0.17470787908343643;
3120, 3120 -0.037403027405786604;
3121, 3121 -0.08804373632437779;
3122, 3122 -0.17936641363423445;
3123, 3123 0.01296817951399798;
3124, 3124 0.1637994648460308;
3125, 3125 0.2941485982687704;
3126, 3126 0.4516147661428489;
3127, 3127 0.42838626053143214;
3128, 3128 0.6545241043871073;
3129, 3129 0.6545241043871073;
3130, 3130 0.5113928761638313;
3131, 3131 0.4782954640246915;
3132, 3132 0.31223089904583445;
3133, 3133 -0.11415976335157829;
3134, 3134 -0.1872589721707104;
3135, 3135 -0.030344641722759524;
3136, 3136 0.24924443189620327;
3137, 3137 0.2831503500317627;
3138, 3138 0.38096674217000426;
3139, 3139 0.425216403688327;
3140, 3140 0.11136207593539638;
3141, 3141 0.11136207593539638;
3142, 3142 -0.030639810578595217;
3143, 3143 -0.0765963180893593;
3144, 3144 0.02802179116161785;
3145, 3145 0.1229378284555609;
3146, 3146 0.32596266755645087;
3147, 3147 0.4825689957200514;
3148, 3148 0.35536405228338785;
3149, 3149 0.3448534743299345;
3150, 3150 0.2776063089134575;
3151, 3151 0.3145665830354907;
3152, 3152 0.23619283509686007;
3153, 3153 0.23619283509686007;
3154, 3154 0.01219817380312227;
3155, 3155 -0.11945996932810576;
3156, 3156 -0.0548693236141502;
3157, 3157 0.13740110239150916;
3158, 3158 0.2796339906187637;
3159, 3159 0.36230693710978334;
3160, 3160 0.4006018877973345;
3161, 3161 0.2484872596138421;
3162, 3162 0.3268096738384143;
3163, 3163 0.31366824303946905;
3164, 3164 -0.058680851882984886;
3165, 3165 -0.058680851882984886;
3166, 3166 -0.016638540069172314;
3167, 3167 -0.09816931142239316;
3168, 3168 0.262681031550984;
3169, 3169 0.10320001540011403;
3170, 3170 0.21596735175785864;
3171, 3171 0.33361139095114956;
3172, 3172 0.4336222993653869;
3173, 3173 0.5194779361280262;
3174, 3174 0.45069075928979796;
3175, 3175 0.5218777872602556;
3176, 3176 0.10471435996483636;
3177, 3177 0.10471435996483636;
3178, 3178 0.2380536822314765;
3179, 3179 0.33006936468112125;
3180, 3180 0.33039020039398626;
3181, 3181 0.51381839415309;
3182, 3182 0.4409886873327644;
3183, 3183 0.4809519837272125;
3184, 3184 0.3402847737787389;
3185, 3185 0.3200207901541934;
3186, 3186 0.3314168746751538;
3187, 3187 0.25241428873930816;
3188, 3188 0.22151139287616384;
3189, 3189 0.22151139287616384;
3190, 3190 0.38485527100992667;
3191, 3191 0.41493682744813665;
3192, 3192 0.4713654126268101;
3193, 3193 0.40306590607213644;
3194, 3194 0.4314277830893911;
3195, 3195 0.3591242468381639;
3196, 3196 0.301861488806042;
