0, 0 0.45856485725902263;
1, 1 0.44546664859650686;
2, 2 0.4884204819949458;
3, 3 0.46177762542152667;
4, 4 0.44943676905538266;
5, 5 0.435796455591253;
6, 6 0.4818514473400992;
7, 7 0.447651012061832;
8, 8 0.44098631185375936;
9, 9 0.42348748774285117;
10, 10 0.43391503304447676;
11, 11 0.41513269609445413;
12, 12 0.41473408962267944;
13, 13 0.4525698159235314;
14, 14 0.4486714446295752;
15, 15 0.4534866108086133;
16, 16 0.4511507768840137;
17, 17 0.4546824302239374;
18, 18 0.4481771726045747;
19, 19 0.47128837583807015;
20, 20 0.494431467589308;
21, 21 0.48832481644172;
22, 22 0.4721892264642811;
23, 23 0.4675335028739527;
24, 24 0.4696780056921006;
25, 25 0.46603474254008015;
26, 26 0.48160431132759896;
27, 27 0.461865318845317;
28, 28 0.42383826143801273;
29, 29 0.41777944306703785;
30, 30 0.421693758619865;
31, 31 0.4043384328387958;
32, 32 0.3155767437040109;
33, 33 0.3155767437040109;
34, 34 0.2814879182378407;
35, 35 0.27782871082694927;
36, 36 0.2627932747116084;
37, 37 0.2901695671930933;
38, 38 0.3086728796128735;
39, 39 0.31549702240965605;
40, 40 0.2878337332684935;
41, 41 0.29453032199430806;
42, 42 0.28196624600397024;
43, 43 0.283449062078972;
44, 44 0.27019141082774634;
45, 45 0.22892766886963178;
46, 46 0.30218356625238196;
47, 47 0.27438475091081616;
48, 48 0.2653921889075792;
49, 49 0.2685013193874217;
50, 50 0.26536030038983727;
51, 51 0.2585441297224904;
52, 52 0.2660299592624189;
53, 53 0.2737708969442829;
54, 54 0.2695297240846004;
55, 55 0.2425759544631969;
56, 56 0.22477418943373983;
57, 57 0.2112614300405784;
58, 58 0.2170810845284885;
59, 59 0.19025486897805277;
60, 60 0.17877500259094226;
61, 61 0.1377025917392798;
62, 62 0.12657349904733062;
63, 63 0.08226440364485765;
64, 64 0.034830233503671204;
65, 65 0.004169423694763363;
66, 66 -0.07566348047226878;
67, 67 -0.12166266731506648;
68, 68 -0.014612913255259485;
69, 69 -0.014612913255259485;
70, 70 -0.002264084759680096;
71, 71 -0.020528233296395637;
72, 72 -0.006449452713314208;
73, 73 -0.0022242241125026707;
74, 74 0.008721509602430011;
75, 75 0.0013233734862920787;
76, 76 0.017211827451230732;
77, 77 0.011974138412111479;
78, 78 0.01322576273348397;
79, 79 -0.008904868579446168;
80, 80 -0.023501837575834683;
81, 81 0.007254637786299201;
82, 82 -0.037907475465771445;
83, 83 -0.04776102744804156;
84, 84 -0.05718408444079481;
85, 85 -0.028627916802857034;
86, 86 -0.0449628100161833;
87, 87 -0.07509745928234879;
88, 88 -0.06446263861540047;
89, 89 -0.1271395202372504;
90, 90 -0.1279367331807998;
91, 91 -0.15475497660180004;
92, 92 -0.1508725495667146;
93, 93 -0.1508725495667146;
94, 94 -0.18279295582643074;
95, 95 -0.15626968119454365;
96, 96 -0.16711177722681492;
97, 97 -0.1673429689804442;
98, 98 -0.21085485143936777;
99, 99 -0.18900324465668006;
100, 100 -0.2054019149054903;
101, 101 -0.21300732638695108;
102, 102 -0.19732614778733526;
103, 103 -0.21465755718009816;
104, 104 -0.22105917711679957;
105, 105 -0.20361615791193977;
106, 106 -0.20605562951920076;
107, 107 -0.22485391072809446;
108, 108 -0.23047426198011745;
109, 109 -0.2320208550906031;
110, 110 -0.24376380174908496;
111, 111 -0.2602342211628147;
112, 112 -0.2827714310769548;
113, 113 -0.2801645447515485;
114, 114 -0.28573706322695847;
115, 115 -0.2978865884866506;
116, 116 -0.307229924185049;
117, 117 -0.307229924185049;
118, 118 -0.27934341541969265;
119, 119 -0.31779299568707786;
120, 120 -0.29768728525076327;
121, 121 -0.2764176439168665;
122, 122 -0.28285912450074524;
123, 123 -0.304758564060046;
124, 124 -0.3162862632237695;
125, 125 -0.3535798847230083;
126, 126 -0.3474014844105008;
127, 127 -0.3642147053899566;
128, 128 -0.34209204620646205;
129, 129 -0.3193555330564346;
130, 130 -0.33014182418265736;
131, 131 -0.3602445849310809;
132, 132 -0.3516426572701833;
133, 133 -0.37314349035770933;
134, 134 -0.36553807887624856;
135, 135 -0.36553807887624856;
136, 136 -0.37736871895852087;
137, 137 -0.3915591093536994;
138, 138 -0.3914474995416025;
139, 139 -0.380924288686751;
140, 140 -0.3965496623803183;
141, 141 -0.3888007525690186;
142, 142 -0.42552038074890175;
143, 143 -0.41425576185654944;
144, 144 -0.44443027176989236;
145, 145 -0.44522748471344165;
146, 146 -0.45197987834530473;
147, 147 -0.4705788563183111;
148, 148 -0.4691677894082288;
149, 149 -0.4603745306408793;
150, 150 -0.4857896792812326;
151, 151 -0.506373717483677;
152, 152 -0.4866028364836531;
153, 153 -0.49337117437438704;
154, 154 -0.5360459832425839;
155, 155 -0.5691542367881883;
156, 156 -0.5636215789599559;
157, 157 -0.6188604638184905;
158, 158 -0.6130009486834027;
159, 159 -0.6686942449197604;
160, 160 -0.6837217089056657;
161, 161 -0.7326386951218539;
162, 162 -0.7398534722609755;
163, 163 -0.7836922120267543;
164, 164 -0.430758069788021;
165, 165 -0.430758069788021;
166, 166 -0.40274400695169676;
167, 167 -0.432615575946491;
168, 168 -0.38979726874845533;
169, 169 -0.4062357996444429;
170, 170 -0.3904190948444237;
171, 171 -0.411114742858965;
172, 172 -0.3893667737589387;
173, 173 -0.3752082718815022;
174, 174 -0.3491952135334868;
175, 175 -0.3246888876487798;
176, 176 -0.34244281990162384;
177, 177 -0.35529389255163935;
178, 178 -0.3547597598794613;
179, 179 -0.36548227397020006;
180, 180 -0.35745433962865814;
181, 181 -0.38259046373876915;
182, 182 -0.36106571426293665;
183, 183 -0.3314253370217717;
184, 184 -0.33501279526774386;
185, 185 -0.3307955387963678;
186, 186 -0.3519774867064741;
187, 187 -0.3419007151000103;
188, 188 -0.30436792971770676;
189, 189 -0.30436792971770676;
190, 190 -0.3691255371222206;
191, 191 -0.3483501678133245;
192, 192 -0.35790875100648123;
193, 193 -0.33982796144678196;
194, 194 -0.3510766360802633;
195, 195 -0.3685595159323005;
196, 196 -0.33859228138428044;
197, 197 -0.3356585377520188;
198, 198 -0.3658091312770553;
199, 199 -0.3315449189633042;
200, 200 -0.31603115508183377;
201, 201 -0.3095099532036001;
202, 202 -0.32923300142701106;
203, 203 -0.32102170810845276;
204, 204 -0.34449165716654573;
205, 205 -0.3283560671891068;
206, 206 -0.3613766273109209;
207, 207 -0.3308593158318518;
208, 208 -0.3122125050822324;
209, 209 -0.3211731785677272;
210, 210 -0.36072291269721035;
211, 211 -0.34486634725001386;
212, 212 -0.4082607205210582;
213, 213 -0.4082607205210582;
214, 214 -0.3987499701045145;
215, 215 -0.3931694794996691;
216, 216 -0.3947320168690258;
217, 217 -0.39516251185854245;
218, 218 -0.3588813507976114;
219, 219 -0.35076572303227904;
220, 220 -0.3471463762685649;
221, 221 -0.30845763211811494;
222, 222 -0.30210384495802656;
223, 223 -0.29787861635721513;
224, 224 -0.2899543196983345;
225, 225 -0.29527173003180873;
226, 226 -0.28098567408340425;
227, 227 -0.2742811132281543;
228, 228 -0.2894999083205114;
229, 229 -0.27181772523258674;
230, 230 -0.26229900268660744;
231, 231 -0.2513931296188524;
232, 232 -0.23139105686519912;
233, 233 -0.23544887074786536;
234, 234 -0.2643000071749164;
235, 235 -0.26280124684104367;
236, 236 -0.24186643494343762;
237, 237 -0.25861587888740956;
238, 238 -0.24354855425432675;
239, 239 -0.25692578744708494;
240, 240 -0.24985450863780212;
241, 241 -0.27492685571242925;
242, 242 -0.24749475832489598;
243, 243 -0.24020823202085495;
244, 244 -0.270382741934198;
245, 245 -0.2756842080088011;
246, 246 -0.2885432527882521;
247, 247 -0.301075440260848;
248, 248 -0.19157027033490903;
249, 249 -0.272064861245087;
250, 250 -0.2841745258576017;
251, 251 -0.31457225539513844;
252, 252 -0.3400830695887177;
253, 253 -0.40633146519766883;
254, 254 -0.4321133317920549;
255, 255 -0.454084520516275;
256, 256 -0.4445179651936828;
257, 257 -0.44987523617433445;
258, 258 -0.41939778534244265;
259, 259 -0.4495483788674792;
260, 260 -0.34123902835686426;
261, 261 -0.34123902835686426;
262, 262 -0.3574782560169646;
263, 263 -0.3313695321157233;
264, 264 -0.32379600915200446;
265, 265 -0.3304686814895126;
266, 266 -0.3107934660427145;
267, 267 -0.3158557682342529;
268, 268 -0.34627741416009616;
269, 269 -0.33604119996492254;
270, 270 -0.35471989923228386;
271, 271 -0.30523689182617564;
272, 272 -0.3121168395290065;
273, 273 -0.2871242137487343;
274, 274 -0.2810813396366302;
275, 275 -0.27334040195476605;
276, 276 -0.2854978993438937;
277, 277 -0.2516641820196591;
278, 278 -0.24326952972408455;
279, 279 -0.23206868786721613;
280, 280 -0.23391024976681507;
281, 281 -0.22180855728373594;
282, 282 -0.20321755144016507;
283, 283 -0.21662667315066508;
284, 284 -0.13892232754290978;
285, 285 -0.13892232754290978;
286, 286 -0.14152921386831618;
287, 287 -0.12759393161507349;
288, 288 -0.1419118760812199;
289, 289 -0.13283162065419285;
290, 290 -0.14235034320017215;
291, 291 -0.13838022274129635;
292, 292 -0.14202348589331681;
293, 293 -0.14536380812678873;
294, 294 -0.11996460374530626;
295, 295 -0.12019579549893555;
296, 296 -0.0793386321420313;
297, 297 -0.06971627191339058;
298, 298 -0.07476262984605797;
299, 299 -0.06743624289483952;
300, 300 -0.06698183151701631;
301, 301 -0.05303060500490264;
302, 302 -0.08138746940695318;
303, 303 -0.0894712086545435;
304, 304 -0.08467198673437648;
305, 305 -0.09604821543882569;
306, 306 -0.0692060556295192;
307, 307 -0.04922789926417226;
308, 308 -0.06663902995129023;
309, 309 -0.09323405374809646;
310, 310 -0.07902771909404716;
311, 311 -0.10255347305818852;
312, 312 -0.08118816617106583;
313, 313 -0.10390076293278694;
314, 314 -0.08113236126501733;
315, 315 -0.09254845061664418;
316, 316 -0.07335953506541115;
317, 317 -0.09260425552269258;
318, 318 -0.10934572733722892;
319, 319 -0.13265623380661196;
320, 320 -0.17373661678771002;
321, 321 -0.17373661678771002;
322, 322 -0.1719827483119014;
323, 323 -0.18516067826877214;
324, 324 -0.1316676897566108;
325, 325 -0.1589164281671277;
326, 326 -0.13990289946347556;
327, 327 -0.12776931846265438;
328, 328 -0.12336073088482646;
329, 329 -0.1292361902787853;
330, 330 -0.1308784489424969;
331, 331 -0.1416966285864616;
332, 332 -0.09065905594043211;
333, 333 -0.07285729091097515;
334, 334 -0.05843570876216719;
335, 335 -0.044635952709327964;
336, 336 -0.05519105208192143;
337, 337 -0.07314428757065283;
338, 338 -0.046764511268604814;
339, 339 -0.061616588406929296;
340, 340 -0.04283425145690645;
341, 341 -0.030421645925843177;
342, 342 -0.04033897494359706;
343, 343 -0.0463738769262656;
344, 344 -0.02647544185527384;
345, 345 -0.017714071605666404;
346, 346 -0.015585513046389554;
347, 347 0.01228505146009562;
348, 348 -0.00014349832983873156;
349, 349 -0.004352782671779298;
350, 350 0.02676243851495186;
351, 351 -0.007214777139121442;
352, 352 0.02738426461092036;
353, 353 0.014421582148807843;
354, 354 0.02588550427704761;
355, 355 0.05552588151821247;
356, 356 0.06679050041056489;
357, 357 0.02179580187663932;
358, 358 0.054282229326275466;
359, 359 0.04244361711456768;
360, 360 0.060827347592815606;
361, 361 0.11311654456021758;
362, 362 0.0929948898650319;
363, 363 0.07392555625533159;
364, 364 0.09814488548036082;
365, 365 0.09459728788156618;
366, 366 0.08540542264244211;
367, 367 0.11375431491505705;
368, 368 0.07575117389605968;
369, 369 0.07893205354082156;
370, 370 0.08078955969929136;
371, 371 0.04105646659279172;
372, 372 0.08007206805009703;
373, 373 0.09120913287148147;
374, 374 0.11290129706545926;
375, 375 0.11290129706545926;
376, 376 0.10680261804730695;
377, 377 0.10472986439407839;
378, 378 0.14009423056992776;
379, 379 0.11365864936183123;
380, 380 0.04466784122707024;
381, 381 0.04466784122707024;
382, 382 0.058866203751684276;
383, 383 0.04777697170691275;
384, 384 0.07749707024243269;
385, 385 0.081961462726309;
386, 386 0.08390666230856936;
387, 387 0.07874869456380518;
388, 388 0.08796447619123549;
389, 389 0.0765244704513024;
390, 390 0.11070896147069864;
391, 391 0.10496105614770768;
392, 392 0.09584891220293867;
393, 393 0.11235919226384561;
394, 394 0.13183510447475633;
395, 395 0.14620088171751577;
396, 396 0.15452378484817086;
397, 397 0.15367873912800878;
398, 398 0.2032175514401653;
399, 399 0.1990242113570957;
400, 400 0.1376308425743602;
401, 401 0.13095817023685208;
402, 402 0.15386209810502494;
403, 403 0.1474285896505816;
404, 404 0.13810917034048997;
405, 405 0.15086457743727943;
406, 406 0.17797778964739286;
407, 407 0.18806253338329215;
408, 408 0.1571226990441419;
409, 409 0.16057463108971048;
410, 410 0.16468824987842523;
411, 411 0.14360196752154475;
412, 412 0.16087757200825936;
413, 413 0.17335395457480662;
414, 414 0.18439535384296524;
415, 415 0.2119868938192082;
416, 416 0.21264060843291865;
417, 417 0.21221808557283772;
418, 418 0.1991995982046766;
419, 419 0.18783931375909835;
420, 420 0.17923738609820083;
421, 421 0.19406554684821864;
422, 422 0.17260457440787036;
423, 423 0.17373661678771035;
424, 424 0.22900739016398686;
425, 425 0.2001562537369359;
426, 426 0.18260959684941458;
427, 427 0.1659478463292332;
428, 428 0.19751747889378746;
429, 429 0.19306903066878212;
430, 430 0.20165501407080866;
431, 431 0.19037445091958527;
432, 432 0.19504611876878442;
433, 433 0.2075703341119448;
434, 434 0.2075783062413803;
435, 435 0.201742707494599;
436, 436 0.19474317785023576;
437, 437 0.1765507784784397;
438, 438 0.18545564705788586;
439, 439 0.16597176271753966;
440, 440 0.17944466146352367;
441, 441 0.17180736146432096;
442, 442 0.13460143338887254;
443, 443 0.12950724267959246;
444, 444 0.11130687117836047;
445, 445 0.10645184435214516;
446, 446 0.11058937952916637;
447, 447 0.11657644873522188;
448, 448 0.11997257587474208;
449, 449 0.13133286032032032;
450, 450 0.10963272399690704;
451, 451 0.08451254414566689;
452, 452 0.19210440300708753;
453, 453 0.19210440300708753;
454, 454 0.18556725686998266;
455, 455 0.19336399945789529;
456, 456 0.1858781699179668;
457, 457 0.2177587155305054;
458, 458 0.17841625676634498;
459, 459 0.1705238486252063;
460, 460 0.1575133333864811;
461, 461 0.20612737868412045;
462, 462 0.20438148233774744;
463, 463 0.22271738003938246;
464, 464 0.21088673995711016;
465, 465 0.21144478901759478;
466, 466 0.22266954726276955;
467, 467 0.22710205122890392;
468, 468 0.2177587155305054;
469, 469 0.2407662810813398;
470, 470 0.26272152554668904;
471, 471 0.23410955300270264;
472, 472 0.23977773703133876;
473, 473 0.23910010602932164;
474, 474 0.22295654392244724;
475, 475 0.21194703317203079;
476, 476 0.23929940926520898;
477, 477 0.23929940926520898;
478, 478 0.23929940926520898;
479, 479 0.2330093991406046;
480, 480 0.2468729322289278;
481, 481 0.2186755104155873;
482, 482 0.2135255148002584;
483, 483 0.20388721031274692;
484, 484 0.21514385707566364;
485, 485 0.25193523442046617;
486, 486 0.27846648118178874;
487, 487 0.2843897733523604;
488, 488 0.2792636941253379;
489, 489 0.27317298723662087;
490, 490 0.24417038035029548;
491, 491 0.235161874088188;
492, 492 0.23713896218819008;
493, 493 0.2564474596809556;
494, 494 0.254645758428534;
495, 495 0.26400503838580325;
496, 496 0.2690195078007289;
497, 497 0.2653443561309663;
498, 498 0.29329464193180654;
499, 499 0.26060093911684756;
500, 500 0.27598714892735;
501, 501 0.24810861229142933;
502, 502 0.2801804890104198;
503, 503 0.3051491984023855;
504, 504 0.28808884141042923;
505, 505 0.3146758930778002;
506, 506 0.3246490270016027;
507, 507 0.3223131930770029;
508, 508 0.30019850602294396;
509, 509 0.28859905769430094;
510, 510 0.2696652502850039;
511, 511 0.25734033817773083;
512, 512 0.26078429809386394;
513, 513 0.3058427736632734;
514, 514 0.2919234356689018;
515, 515 0.26571904621443454;
516, 516 0.28841569871728456;
517, 517 0.28320989819590725;
518, 518 0.27267074308218486;
519, 519 0.2629606894297538;
520, 520 0.25422323556845283;
521, 521 0.28829611677575206;
522, 522 0.3024386743943177;
523, 523 0.2893404657318017;
524, 524 0.2514011017482882;
525, 525 0.288941859260027;
526, 526 0.2839911668805857;
527, 527 0.2833294801374395;
528, 528 0.27692786020073834;
529, 529 0.2952398415140669;
530, 530 0.2808501478830012;
531, 531 0.29583775122172895;
532, 532 0.2960928593636647;
533, 533 0.24861882857530082;
534, 534 0.25702942512974647;
535, 535 0.2936693320152748;
536, 536 0.2948412350422922;
537, 537 0.3002383666701214;
538, 538 0.29132552596123973;
539, 539 0.25896665258257157;
540, 540 0.2550363927708732;
541, 541 0.26118290456563864;
542, 542 0.25522772387732506;
543, 543 0.2585999346285388;
544, 544 0.2723040251281521;
545, 545 0.25347385540151657;
546, 546 0.260624855505154;
547, 547 0.25596115978539036;
548, 548 0.3086091025773896;
549, 549 0.29594936103382596;
550, 550 0.28049937418783943;
551, 551 0.26841362596363116;
552, 552 0.2554190549837769;
553, 553 0.23262673692770086;
554, 554 0.21589323724260012;
555, 555 0.2278594035252759;
556, 556 0.26162934381402647;
557, 557 0.26724969506604923;
558, 558 0.22510901887003043;
559, 559 0.22219121949664;
560, 560 0.2156301569712289;
561, 561 0.22218324736720452;
562, 562 0.2102409974728352;
563, 563 0.22425600102043286;
564, 564 0.21400384256638794;
565, 565 0.2127920788921931;
566, 566 0.21961622168897565;
567, 567 0.25840063139265146;
568, 568 0.23180560759584523;
569, 569 0.23280212377528176;
570, 570 0.21611645686679393;
571, 571 0.21095848912202952;
572, 572 0.2972328738729404;
573, 573 0.2972328738729404;
574, 574 0.2972328738729404;
575, 575 0.31096885289029563;
576, 576 0.30574710811004757;
577, 577 0.31491505696086497;
578, 578 0.34449165716654595;
579, 579 0.33310745633266126;
580, 580 0.3199374985052259;
581, 581 0.33026140612418997;
582, 582 0.3078198617632757;
583, 583 0.2882642282580101;
584, 584 0.3140540669818317;
585, 585 0.32926488994475345;
586, 586 0.3289539768967691;
587, 587 0.34500984557985315;
588, 588 0.3556845268939788;
589, 589 0.3423630986072692;
590, 590 0.3573267855576905;
591, 591 0.32834809505967155;
592, 592 0.3457671978762249;
593, 593 0.33746821113387626;
594, 594 0.3303650438068513;
595, 595 0.3132090212616694;
596, 596 0.35639404641373784;
597, 597 0.338225563430248;
598, 598 0.3342713872302432;
599, 599 0.3342713872302432;
600, 600 0.3342713872302432;
601, 601 0.3342713872302432;
602, 602 0.3359614786705678;
603, 603 0.35149915894034467;
604, 604 0.3386241699020227;
605, 605 0.3520651801302648;
606, 606 0.32659422658386283;
607, 607 0.3254462399451521;
608, 608 0.32495196792015135;
609, 609 0.3007884436011705;
610, 610 0.3295120259572537;
611, 611 0.3502475346189722;
612, 612 0.3120132018463453;
613, 613 0.3052289196967404;
614, 614 0.2984844981943129;
615, 615 0.29532753493785746;
616, 616 0.29991948149270153;
617, 617 0.3025024514298016;
618, 618 0.32873872940201077;
619, 619 0.3273515788802348;
620, 620 0.3403302056012183;
621, 621 0.2998955651043953;
622, 622 0.2799492972567903;
623, 623 0.29271267648301547;
624, 624 0.30512528201407907;
625, 625 0.304431706753191;
626, 626 0.28497971093058694;
627, 627 0.26708228034790404;
628, 628 0.2777330452737232;
629, 629 0.30451142804754605;
630, 630 0.2807863708475171;
631, 631 0.26572701834387;
632, 632 0.2605929669874121;
633, 633 0.2484035810805425;
634, 634 0.2388928306639988;
635, 635 0.2162440109377619;
636, 636 0.267488858949114;
637, 637 0.27664883567049614;
638, 638 0.2718655580092;
639, 639 0.27634589475194726;
640, 640 0.2612307373422518;
641, 641 0.2839194177156661;
642, 642 0.30756475362133995;
643, 643 0.31685228441369007;
644, 644 0.3890080279343415;
645, 645 0.3890080279343415;
646, 646 0.3916946355541031;
647, 647 0.3808764559101383;
648, 648 0.35808413785406223;
649, 649 0.35294211436816925;
650, 650 0.417572167701715;
651, 651 0.3806930969331219;
652, 652 0.4428597622711006;
653, 653 0.4458493108094106;
654, 654 0.43640233742835055;
655, 655 0.426198011750919;
656, 656 0.4012133581000823;
657, 657 0.3844399977678039;
658, 658 0.4102617250093674;
659, 659 0.3981042276202398;
660, 660 0.4014445498537116;
661, 661 0.36969155831214096;
662, 662 0.37433930977303365;
663, 663 0.3459983896298542;
664, 664 0.3424268756427531;
665, 665 0.30568333107456347;
666, 666 0.2944187121822113;
667, 667 0.30466289850682027;
668, 668 0.42078493586421883;
669, 669 0.42078493586421883;
670, 670 0.42078493586421883;
671, 671 0.4340665035037512;
672, 672 0.4128207785581608;
673, 673 0.4134505767835648;
674, 674 0.4276648835670498;
675, 675 0.4190549837767168;
676, 676 0.41234245079203125;
677, 677 0.39828758659725616;
678, 678 0.44768290057957394;
679, 679 0.4405558168642427;
680, 680 0.42683578210575845;
681, 681 0.4247550563230946;
682, 682 0.41094732814082;
683, 683 0.38713457751700076;
684, 684 0.40299114296419747;
685, 685 0.39992984526096786;
686, 686 0.4520675717690954;
687, 687 0.42807146216825975;
688, 688 0.43126031394245734;
689, 689 0.42621395600978995;
690, 690 0.4387620877412568;
691, 691 0.38708674474038784;
692, 692 0.3515948244935707;
693, 693 0.37139759401133654;
694, 694 0.3496735412996166;
695, 695 0.3616715961000343;
696, 696 0.34681951896171004;
697, 697 0.3595191211524513;
698, 698 0.3501040362891332;
699, 699 0.3535240798169601;
700, 700 0.3251911318032161;
701, 701 0.31634206812981835;
702, 702 0.35111649672744116;
703, 703 0.34019467940081505;
704, 704 0.3290655867088661;
705, 705 0.3583472181254337;
706, 706 0.3305802913016096;
707, 707 0.3156245764806238;
708, 708 0.3395887975637175;
709, 709 0.3197142788810321;
710, 710 0.3386321420314582;
711, 711 0.3365992490254075;
712, 712 0.3740204245956138;
713, 713 0.38267815716255993;
714, 714 0.37920230872868466;
715, 715 0.4102298364916255;
716, 716 0.4626545596594309;
717, 717 0.4626545596594309;
718, 718 0.45729728867877917;
719, 719 0.4930921498441452;
720, 720 0.4670153144606457;
721, 721 0.47412645391710595;
722, 722 0.4502100656106256;
723, 723 0.48445036153607024;
724, 724 0.4470132417069925;
725, 725 0.4526335929590155;
726, 726 0.46664062437717746;
727, 727 0.4620965105989463;
728, 728 0.45034559181102884;
729, 729 0.42801565726221136;
730, 730 0.40966381530170537;
731, 731 0.410963272399691;
732, 732 0.4337874789735088;
733, 733 0.41924631488316866;
734, 734 0.3960553903553181;
735, 735 0.40083866801661405;
736, 736 0.38174541801860706;
737, 737 0.374427003196824;
738, 738 0.3664708180202014;
739, 739 0.36623165413713665;
740, 740 0.36913350925165633;
741, 741 0.34890024474437387;
742, 742 0.34992067731211707;
743, 743 0.3809880657222351;
744, 744 0.3924759042387813;
745, 745 0.37836523513795783;
746, 746 0.3539147141592991;
747, 747 0.36840007334359104;
748, 748 0.3714454267879497;
749, 749 0.37398853607787186;
750, 750 0.4028476446343585;
751, 751 0.4638583512041903;
752, 752 0.5328092986917738;
753, 753 0.5328092986917738;
754, 754 0.49603386560584206;
755, 755 0.5287355405502365;
756, 756 0.52887106675064;
757, 757 0.5052496472332728;
758, 758 0.5112287443098928;
759, 759 0.4760238207227534;
760, 760 0.46665656863604843;
761, 761 0.4529285617481287;
762, 762 0.4297615536085846;
763, 763 0.4324003284517328;
764, 764 0.556805408292609;
765, 765 0.556805408292609;
766, 766 0.5497819622599394;
767, 767 0.5600819534905972;
768, 768 0.571258878959159;
769, 769 0.5473584349115495;
770, 770 0.5328571314683868;
771, 771 0.5460908663313058;
772, 772 0.5598587338664034;
773, 773 0.5699913103789154;
774, 774 0.5924408268692654;
775, 775 0.60996356736848;
776, 776 0.6298380860511654;
777, 777 0.5996316876200805;
778, 778 0.5604805599623717;
779, 779 0.5811682358474772;
780, 780 0.5676793928426225;
781, 781 0.5637571051603596;
782, 782 0.5468801071454199;
783, 783 0.5487854460805026;
784, 784 0.5429339030748506;
785, 785 0.5386688138268614;
786, 786 0.5403349888788798;
787, 787 0.5040697720768197;
788, 788 0.5360858438897618;
789, 789 0.5472787136171946;
790, 790 0.5368033355389561;
791, 791 0.5502602900260689;
792, 792 0.5328252429506448;
793, 793 0.5057837799054508;
794, 794 0.5025550674840757;
795, 795 0.4764941763594477;
796, 796 0.4832864306384881;
797, 797 0.48766312969857384;
798, 798 0.5074738713457754;
799, 799 0.4719978953578292;
800, 800 0.47023605475258523;
801, 801 0.4616580434799942;
802, 802 0.48149270151550216;
803, 803 0.46851407479451845;
804, 804 0.49400097259979137;
805, 805 0.5309278761449971;
806, 806 0.5253792740578938;
807, 807 0.5046756539139172;
808, 808 0.513524717587315;
809, 809 0.5357988472300839;
810, 810 0.546848218627678;
811, 811 0.6178719197684897;
812, 812 0.6623165413713659;
813, 813 0.6623165413713659;
814, 814 0.6529094286374837;
815, 815 0.643789312563279;
816, 816 0.6517136092221596;
817, 817 0.6676498959637109;
818, 818 0.6866713967967986;
819, 819 0.6649473440850788;
820, 820 0.6693399874040358;
821, 821 0.6275022521265656;
822, 822 0.6150099253011474;
823, 823 0.6000860989979033;
824, 824 0.5861906773918384;
825, 825 0.5670814831349604;
826, 826 0.5751253617353733;
827, 827 0.5638208821958437;
828, 828 0.5880083229031308;
829, 829 0.5707167741575456;
830, 830 0.563326610170843;
831, 831 0.5461307269784834;
832, 832 0.5441137782313037;
833, 833 0.5523569600676039;
834, 834 0.5758747419023098;
835, 835 0.5833127386656252;
836, 836 0.5976227110023362;
837, 837 0.616444908599536;
838, 838 0.6102665082870287;
839, 839 0.6596697943987821;
840, 840 0.6750560042092848;
841, 841 0.7045369388617395;
842, 842 0.7372864465827467;
843, 843 0.7656193945964906;
844, 844 0.8399834179707744;
845, 845 0.9051236875881918;
846, 846 0.9570939993781742;
847, 847 1.0;
848, 848 0.7288359893811236;
849, 849 0.7288359893811236;
850, 850 0.6987810614093133;
851, 851 0.7058124795714187;
852, 852 0.6491944163205434;
853, 853 0.6406881542128722;
854, 854 0.6200483111043793;
855, 855 0.6116377145499337;
856, 856 0.6263383212289837;
857, 857 0.6094932117317859;
858, 858 0.6105614770761421;
859, 859 0.5818299225906234;
860, 860 0.7129475354161852;
861, 861 0.7129475354161852;
862, 862 0.7129475354161852;
863, 863 0.6948906622447923;
864, 864 0.7127801206980398;
865, 865 0.7192853783174025;
866, 866 0.7516123631783287;
867, 867 0.7703707837400449;
868, 868 0.724252014955715;
869, 869 0.680182083436307;
870, 870 0.6792971770689671;
871, 871 0.6667968781141134;
872, 872 0.6545995200778081;
873, 873 0.6395321954447253;
874, 874 0.6487639213310268;
875, 875 0.613455360061226;
876, 876 0.5784497397099742;
877, 877 0.589626665178536;
878, 878 0.6097164313559797;
879, 879 0.61295311590679;
880, 880 0.6376906335451265;
881, 881 0.6447459680955381;
882, 882 0.6368216714366579;
883, 883 0.6519049403286112;
884, 884 0.7699084002327863;
885, 885 0.7699084002327863;
886, 886 0.7486786195460668;
887, 887 0.7580777601505142;
888, 888 0.767285569648509;
889, 889 0.7551121280005104;
890, 890 0.7463587298803385;
891, 891 0.7197158733069191;
892, 892 0.6996420513883466;
893, 893 0.6922598595310798;
894, 894 0.6877635785294611;
895, 895 0.6900754960657542;
896, 896 0.6876360244584934;
897, 897 0.6413179524382762;
898, 898 0.645048909014087;
899, 899 0.6158868595390516;
900, 900 0.6472492167382833;
901, 901 0.6416049490979538;
902, 902 0.6339915654870576;
903, 903 0.6060412796862173;
904, 904 0.5974632684136261;
905, 905 0.5911573140301509;
906, 906 0.6230059711249474;
907, 907 0.650398207865303;
908, 908 0.8111561979320299;
909, 909 0.8111561979320299;
910, 910 0.7622152953275354;
911, 911 0.7436641501311416;
912, 912 0.716790101804093;
913, 913 0.7292664843706407;
914, 914 0.7124771797794911;
915, 915 0.7056291205944021;
916, 916 0.7045608552500462;
917, 917 0.7105798129738434;
918, 918 0.6678970319762112;
919, 919 0.6375152466975458;
920, 920 0.6032829229015364;
921, 921 0.5576504540127714;
922, 922 0.5652558654942323;
923, 923 0.5763690139273101;
924, 924 0.5693615121535114;
925, 925 0.5555378397123658;
926, 926 0.5571800983760775;
927, 927 0.5871393607946622;
928, 928 0.6077792039031547;
929, 929 0.6259317426277735;
930, 930 0.6653698669451598;
931, 931 0.7637140556614079;
932, 932 0.6813938471105019;
933, 933 0.6813938471105019;
934, 934 0.6558272280108741;
935, 935 0.6301250827108431;
936, 936 0.6486762279072367;
937, 937 0.645758428533846;
938, 938 0.6293836746733421;
939, 939 0.6053636486842002;
940, 940 0.5720002869966598;
941, 941 0.5661327997321368;
942, 942 0.5425193523442049;
943, 943 0.4969267441026175;
944, 944 0.5126637276082817;
945, 945 0.49920677312116846;
946, 946 0.49537217886269613;
947, 947 0.49968510088729823;
948, 948 0.48606870381147527;
949, 949 0.4988958600731843;
950, 950 0.5024833183191564;
951, 951 0.5129347800090884;
952, 952 0.5409408707159771;
953, 953 0.5964109473281409;
954, 954 0.6606822548370899;
955, 955 0.70478407487424;
956, 956 0.47599193220501146;
957, 957 0.47599193220501146;
958, 958 0.47599193220501146;
959, 959 0.4796910002630803;
960, 960 0.4889466425376885;
961, 961 0.4745410046477516;
962, 962 0.4727313312658947;
963, 963 0.4622798695759627;
964, 964 0.4504970622703033;
965, 965 0.42524135621865966;
966, 966 0.4340665035037512;
967, 967 0.45227484713441823;
968, 968 0.5456364549534829;
969, 969 0.5456364549534829;
970, 970 0.5203488603840973;
971, 971 0.4659390769868541;
972, 972 0.4513341358610299;
973, 973 0.4522349864872408;
974, 974 0.45543978252030914;
975, 975 0.45899535224853927;
976, 976 0.4526893978650639;
977, 977 0.44548259285537783;
978, 978 0.4144630372218725;
979, 979 0.38339564881175425;
980, 980 0.3602047242839037;
981, 981 0.36476478232100606;
982, 982 0.38967768680692316;
983, 983 0.3757424045536806;
984, 984 0.37869209244481317;
985, 985 0.36594465747745897;
986, 986 0.3940065530903962;
987, 987 0.4147022011049373;
988, 988 0.42705900172995226;
989, 989 0.4647671739598367;
990, 990 0.529732056729673;
991, 991 0.5675279223833483;
992, 992 0.45651601999410074;
993, 993 0.45651601999410074;
994, 994 0.40848394014525224;
995, 995 0.39805639484362687;
996, 996 0.40617999473839483;
997, 997 0.3959836411903985;
998, 998 0.3834115930706252;
999, 999 0.37166864641214326;
1000, 1000 0.37268907897988646;
1001, 1001 0.3061297703229513;
1002, 1002 0.30030214370560526;
1003, 1003 0.3301816848298349;
1004, 1004 0.2962044691757617;
1005, 1005 0.26905936844790634;
1006, 1006 0.2724395513285556;
1007, 1007 0.2725431890112169;
1008, 1008 0.2502850036273192;
1009, 1009 0.24429793442126324;
1010, 1010 0.24743098128941243;
1011, 1011 0.2421853201208577;
1012, 1012 0.2237218683482547;
1013, 1013 0.21367698525953283;
1014, 1014 0.23892471918174096;
1015, 1015 0.28293884579510054;
1016, 1016 0.4056936948428296;
1017, 1017 0.4056936948428296;
1018, 1018 0.3875172397299045;
1019, 1019 0.3697792517359313;
1020, 1020 0.3820802474548979;
1021, 1021 0.35644985131978624;
1022, 1022 0.3570876216746257;
1023, 1023 0.32991860455846367;
1024, 1024 0.30369029871569;
1025, 1025 0.32083834913143683;
1026, 1026 0.3362405032008102;
1027, 1027 0.2863668614523627;
1028, 1028 0.259620367196282;
1029, 1029 0.2426397314986808;
1030, 1030 0.20382343327726282;
1031, 1031 0.21342984924703257;
1032, 1032 0.18606152889498317;
1033, 1033 0.14949337117437467;
1034, 1034 0.11175331042674808;
1035, 1035 0.13358100082112956;
1036, 1036 0.2110382104163846;
1037, 1037 0.13895421606065206;
1038, 1038 0.13767070322153763;
1039, 1039 0.13726412462032744;
1040, 1040 0.251640265631353;
1041, 1041 0.251640265631353;
1042, 1042 0.21795801876639276;
1043, 1043 0.18760812200546906;
1044, 1044 0.204469175761538;
1045, 1045 0.1932523896457985;
1046, 1046 0.20922853703452748;
1047, 1047 0.199367012922822;
1048, 1048 0.20640640321436265;
1049, 1049 0.18357422451110939;
1050, 1050 0.14198362524613972;
1051, 1051 0.14865629758364785;
1052, 1052 0.2064303196026691;
1053, 1053 0.2064303196026691;
1054, 1054 0.20993008442485084;
1055, 1055 0.1911557196042637;
1056, 1056 0.18547956344619232;
1057, 1057 0.14672704226025823;
1058, 1058 0.1611884850562435;
1059, 1059 0.1913789392284575;
1060, 1060 0.1813500003986066;
1061, 1061 0.19389813213007345;
1062, 1062 0.21100632189864243;
1063, 1063 0.16456866793689273;
1064, 1064 0.14282069883686632;
1065, 1065 0.1283512839114458;
1066, 1066 0.1268046908009599;
1067, 1067 0.11117134497795722;
1068, 1068 0.0901727560448673;
1069, 1069 0.06181589164281687;
1070, 1070 0.04388657254239203;
1071, 1071 0.006305954383475365;
1072, 1072 0.011001538620981188;
1073, 1073 0.013305484027838821;
1074, 1074 -0.0016502307931468563;
1075, 1075 0.009335363568963029;
1076, 1076 -0.0026547191020193095;
1077, 1077 -0.03903951784561155;
1078, 1078 -0.07487423965815498;
1079, 1079 -0.07074467661056927;
1080, 1080 -0.0830217559412294;
1081, 1081 -0.0664795873625803;
1082, 1082 -0.05063896617425456;
1083, 1083 -0.0666549742101612;
1084, 1084 -0.05191450688393362;
1085, 1085 -0.07034607013879457;
1086, 1086 -0.06322695855289906;
1087, 1087 0.005564546345974586;
1088, 1088 0.07799931439686869;
1089, 1089 0.07799931439686869;
1090, 1090 0.04319299728150394;
1091, 1091 0.02759951210567868;
1092, 1092 -0.02496073726253012;
1093, 1093 -0.02487304383873956;
1094, 1094 -0.03282125688592663;
1095, 1095 -0.05504755375208248;
1096, 1096 -0.08350805583679433;
1097, 1097 -0.12796862169854173;
1098, 1098 -0.10673884101182252;
1099, 1099 -0.10321515980133433;
1100, 1100 -0.1363074690880679;
1101, 1101 -0.14210320718767167;
1102, 1102 -0.12327303746103613;
1103, 1103 -0.13562186595661563;
1104, 1104 -0.10038505385173424;
1105, 1105 -0.08794055980292892;
1106, 1106 -0.08260720521058373;
1107, 1107 -0.06691805448153243;
1108, 1108 -0.0020089766177441293;
1109, 1109 0.020209348118976234;
1110, 1110 0.08986981512631864;
1111, 1111 0.15095227086106977;
1112, 1112 -0.17585720321755138;
1113, 1113 -0.17585720321755138;
1114, 1114 -0.1847301832792556;
1115, 1115 -0.19680795937402829;
1116, 1116 -0.2101612761784799;
1117, 1117 -0.24043145164504887;
1118, 1118 -0.2031936350518586;
1119, 1119 -0.1694954439280275;
1120, 1120 -0.16396278609979498;
1121, 1121 -0.1359168347457288;
1122, 1122 -0.1165445602174795;
1123, 1123 -0.03280531262705566;
1124, 1124 -0.17875905833207095;
1125, 1125 -0.17875905833207095;
1126, 1126 -0.21816529413171537;
1127, 1127 -0.22015832649058875;
1128, 1128 -0.23898052408778891;
1129, 1129 -0.25618437940958405;
1130, 1130 -0.2854261501789742;
1131, 1131 -0.28779387262131584;
1132, 1132 -0.29734448368503696;
1133, 1133 -0.2738187297208956;
1134, 1134 -0.25136921323054584;
1135, 1135 -0.24037564673900025;
1136, 1136 -0.1573220022800289;
1137, 1137 -0.1573220022800289;
1138, 1138 -0.16794087868810625;
1139, 1139 -0.17053979288407717;
1140, 1140 -0.19200873745386127;
1141, 1141 -0.2081841880784775;
1142, 1142 -0.12926807879652724;
1143, 1143 -0.15916356417962796;
1144, 1144 -0.16115659653850134;
1145, 1145 -0.15880481835503069;
1146, 1146 -0.19977359152403196;
1147, 1147 -0.23312898108213675;
1148, 1148 -0.2523019523744986;
1149, 1149 -0.2523019523744986;
1150, 1150 -0.2565032645870037;
1151, 1151 -0.3126111115540071;
1152, 1152 -0.3627956663504387;
1153, 1153 -0.37087143346859364;
1154, 1154 -0.38575539912466017;
1155, 1155 -0.38400950277828705;
1156, 1156 -0.392635346827491;
1157, 1157 -0.40355716415411713;
1158, 1158 -0.39765778837185195;
1159, 1159 -0.4024968709391965;
1160, 1160 -0.29487312356003403;
1161, 1161 -0.29487312356003403;
1162, 1162 -0.3692132305460111;
1163, 1163 -0.36604829516012016;
1164, 1164 -0.3571832872278513;
1165, 1165 -0.40540669818315167;
1166, 1166 -0.43593995392109175;
1167, 1167 -0.4077186157194447;
1168, 1168 -0.4581263901400703;
1169, 1169 -0.4284860128989053;
1170, 1170 -0.37069604662101274;
1171, 1171 -0.3903074850323268;
1172, 1172 -0.4152522780359861;
1173, 1173 -0.4152522780359861;
1174, 1174 -0.4289404242767284;
1175, 1175 -0.43469630172915474;
1176, 1176 -0.4171815333593756;
1177, 1177 -0.45944179149692665;
1178, 1178 -0.46069341581829915;
1179, 1179 -0.4635633824150768;
1180, 1180 -0.46504619849007856;
1181, 1181 -0.4120713983912242;
1182, 1182 -0.40307883638798747;
1183, 1183 -0.3664628458907657;
1184, 1184 -0.4530321994307899;
1185, 1185 -0.4530321994307899;
1186, 1186 -0.45824597208160256;
1187, 1187 -0.47060277270661754;
1188, 1188 -0.4859172333522006;
1189, 1189 -0.4860766759409104;
1190, 1190 -0.5063976338719834;
1191, 1191 -0.4850323269848609;
1192, 1192 -0.48730438387397657;
1193, 1193 -0.47831182187073973;
1194, 1194 -0.44234954598722864;
1195, 1195 -0.3929382877460398;
1196, 1196 -0.36242894839640605;
1197, 1197 -0.36242894839640605;
1198, 1198 -0.4211994865948643;
1199, 1199 -0.4633720513086249;
1200, 1200 -0.4629176399308018;
1201, 1201 -0.48335020767397174;
1202, 1202 -0.5090045201973898;
1203, 1203 -0.5380709041191991;
1204, 1204 -0.5563191083970438;
1205, 1205 -0.5626888398160032;
1206, 1206 -0.553704249942202;
1207, 1207 -0.532251249631289;
1208, 1208 -0.40626768816218484;
1209, 1209 -0.40626768816218484;
1210, 1210 -0.44443027176989236;
1211, 1211 -0.4555513923324058;
1212, 1212 -0.4740307883638797;
1213, 1213 -0.5080319204062597;
1214, 1214 -0.521736010905873;
1215, 1215 -0.5498776278131652;
1216, 1216 -0.576448735221665;
1217, 1217 -0.6038170555737142;
1218, 1218 -0.605299871648716;
1219, 1219 -0.6002614858454841;
1220, 1220 -0.4427561245884387;
1221, 1221 -0.4427561245884387;
1222, 1222 -0.459027240766281;
1223, 1223 -0.537712158294602;
1224, 1224 -0.583703373007964;
1225, 1225 -0.5895788324019228;
1226, 1226 -0.6072610154898475;
1227, 1227 -0.6172979264491337;
1228, 1228 -0.6325406379297973;
1229, 1229 -0.642162998158438;
1230, 1230 -0.637929797428191;
1231, 1231 -0.5992649696660475;
1232, 1232 -0.4976920685284245;
1233, 1233 -0.4976920685284245;
1234, 1234 -0.505050343997385;
1235, 1235 -0.5481237593373565;
1236, 1236 -0.5743520651801302;
1237, 1237 -0.6171065953426819;
1238, 1238 -0.6174095362612306;
1239, 1239 -0.6578760652757958;
1240, 1240 -0.6639348836467708;
1241, 1241 -0.6658641389701603;
1242, 1242 -0.6846783644379248;
1243, 1243 -0.6559228935640998;
1244, 1244 -0.6258360770745472;
1245, 1245 -0.6258360770745472;
1246, 1246 -0.6554286215390992;
1247, 1247 -0.6902588550427704;
1248, 1248 -0.694579749196808;
1249, 1249 -0.6712293820802473;
1250, 1250 -0.6962857848960036;
1251, 1251 -0.7190143259165955;
1252, 1252 -0.7100058196544878;
1253, 1253 -0.7031418162105278;
1254, 1254 -0.6918054481532562;
1255, 1255 -0.6134154994140484;
1256, 1256 -0.5376404091296826;
1257, 1257 -0.5376404091296826;
1258, 1258 -0.5226448336615193;
1259, 1259 -0.5915718647607962;
1260, 1260 -0.6295351451326163;
1261, 1261 -0.648317482082639;
1262, 1262 -0.6533239793681289;
1263, 1263 -0.677798416735094;
1264, 1264 -0.7210392467932109;
1265, 1265 -0.7542431658920414;
1266, 1266 -0.7612506676658402;
1267, 1267 -0.7003994036847183;
1268, 1268 -0.5741607340736783;
1269, 1269 -0.5741607340736783;
1270, 1270 -0.574607173322066;
1271, 1271 -0.5390435039103294;
1272, 1272 -0.5975111011902389;
1273, 1273 -0.6079147301035579;
1274, 1274 -0.6416687261334375;
1275, 1275 -0.6766265137080765;
1276, 1276 -0.6720823999298452;
1277, 1277 -0.7154667283178009;
1278, 1278 -0.731363154412175;
1279, 1279 -0.749228696477116;
1280, 1280 -0.6032510343837942;
1281, 1281 -0.6032510343837942;
1282, 1282 -0.5612219679998723;
1283, 1283 -0.5804427720688472;
1284, 1284 -0.5940830855329766;
1285, 1285 -0.5788642904406195;
1286, 1286 -0.6091743265543659;
1287, 1287 -0.6235879365737381;
1288, 1288 -0.6412780917910983;
1289, 1289 -0.6588805535846679;
1290, 1290 -0.7153710627645751;
1291, 1291 -0.7372306416766982;
1292, 1292 -0.6949305228919695;
1293, 1293 -0.7264443505504754;
1294, 1294 -0.7258783293605553;
1295, 1295 -0.7205848354153878;
1296, 1296 -0.7000167414718146;
1297, 1297 -0.6830121893859069;
1298, 1298 -0.6488914754019945;
1299, 1299 -0.5981488715450783;
1300, 1300 -0.5244545070433762;
1301, 1301 -0.424021620415029;
1302, 1302 -0.3074531438092428;
1303, 1303 -0.7181613080669977;
1304, 1304 -0.7181613080669977;
1305, 1305 -0.7181613080669977;
1306, 1306 -0.7605730366638231;
1307, 1307 -0.7340497620319362;
1308, 1308 -0.7452187153710625;
1309, 1309 -0.728828017251688;
1310, 1310 -0.7233192758117621;
1311, 1311 -0.7253202803000709;
1312, 1312 -0.6990680580689907;
1313, 1313 -0.6349641652781873;
1314, 1314 -0.6082894201870261;
1315, 1315 -0.5149437566268324;
1316, 1316 -0.637331887720529;
1317, 1317 -0.637331887720529;
1318, 1318 -0.6745776764431546;
1319, 1319 -0.6872852507633314;
1320, 1320 -0.6840804547302629;
1321, 1321 -0.7333163261238709;
1322, 1322 -0.7410174031585576;
1323, 1323 -0.7623109608807608;
1324, 1324 -0.7520588024267162;
1325, 1325 -0.6959270390714063;
1326, 1326 -0.6549901544201471;
1327, 1327 -0.6173377870963113;
1328, 1328 -0.6616309382399133;
1329, 1329 -0.6616309382399133;
1330, 1330 -0.632437000247136;
1331, 1331 -0.6533239793681289;
1332, 1332 -0.6751118091153328;
1333, 1333 -0.646459975924169;
1334, 1334 -0.6705278346899239;
1335, 1335 -0.6885049865669619;
1336, 1336 -0.6955682932468091;
1337, 1337 -0.7101014852077137;
1338, 1338 -0.738633736457345;
1339, 1339 -0.7235185790476495;
1340, 1340 -0.61764072801486;
1341, 1341 -0.61764072801486;
1342, 1342 -0.585154300565224;
1343, 1343 -0.6308664907483437;
1344, 1344 -0.6362636223761728;
1345, 1345 -0.6470100528552181;
1346, 1346 -0.6117014915854173;
1347, 1347 -0.6302924974289883;
1348, 1348 -0.570198585744238;
1349, 1349 -0.6311534874080215;
1350, 1350 -0.6594545469040234;
1351, 1351 -0.690107384583496;
1352, 1352 -0.7290193483581399;
1353, 1353 -0.677878138029449;
1354, 1354 -0.6729752784266205;
1355, 1355 -0.6761641302008179;
1356, 1356 -0.6383921809354496;
1357, 1357 -0.6422825800999704;
1358, 1358 -0.6364868420003666;
1359, 1359 -0.5484904772913892;
1360, 1360 -0.4621363712461235;
1361, 1361 -0.3888565574750671;
1362, 1362 -0.33580203608185766;
1363, 1363 -0.28493985028340907;
1364, 1364 -0.5580171719668039;
1365, 1365 -0.5580171719668039;
1366, 1366 -0.5425512408619466;
1367, 1367 -0.5477251528655818;
1368, 1368 -0.5788961789583615;
1369, 1369 -0.6144439041112271;
1370, 1370 -0.6141409631926782;
1371, 1371 -0.6453279335443289;
1372, 1372 -0.6084648070346068;
1373, 1373 -0.5904477945103916;
1374, 1374 -0.6068863254063792;
1375, 1375 -0.5989062238414502;
1376, 1376 -0.4878863493227674;
1377, 1377 -0.4878863493227674;
1378, 1378 -0.473177770514282;
1379, 1379 -0.4911947830384974;
1380, 1380 -0.5096901233288422;
1381, 1381 -0.5261366263542654;
1382, 1382 -0.4673900045441137;
1383, 1383 -0.49886397155544215;
1384, 1384 -0.4854628219743775;
1385, 1385 -0.5457321205067085;
1386, 1386 -0.5405422642442022;
1387, 1387 -0.5668901520285082;
1388, 1388 -0.5513365274998604;
1389, 1389 -0.5871074722769198;
1390, 1390 -0.5932300676833788;
1391, 1391 -0.5527157058922008;
1392, 1392 -0.5304654926377383;
1393, 1393 -0.5116193786522317;
1394, 1394 -0.4647910903481428;
1395, 1395 -0.45900332437797453;
1396, 1396 -0.41227867375654703;
1397, 1397 -0.3258767349346683;
1398, 1398 -0.2652566627071755;
1399, 1399 -0.20651004089702385;
1400, 1400 -0.39764981624241647;
1401, 1401 -0.39764981624241647;
1402, 1402 -0.3825027703149787;
1403, 1403 -0.40422682302669855;
1404, 1404 -0.39062637020974655;
1405, 1405 -0.4328946004767332;
1406, 1406 -0.47540996675622016;
1407, 1407 -0.4673341996380652;
1408, 1408 -0.46589921633967646;
1409, 1409 -0.48680213971954045;
1410, 1410 -0.4948221019316469;
1411, 1411 -0.4721095051699258;
1412, 1412 -0.4764702599711408;
1413, 1413 -0.4695663958800035;
1414, 1414 -0.44363305882634296;
1415, 1415 -0.44647113690537865;
1416, 1416 -0.40195476613758285;
1417, 1417 -0.38984510152506824;
1418, 1418 -0.33876766823186133;
1419, 1419 -0.265392188907579;
1420, 1420 -0.17085070593206142;
1421, 1421 -0.0945095944577754;
1422, 1422 -0.03524478423431665;
1423, 1423 -0.3634095203169717;
1424, 1424 -0.3634095203169717;
1425, 1425 -0.3634095203169717;
1426, 1426 -0.38648883503272546;
1427, 1427 -0.396884491816609;
1428, 1428 -0.38904788858151895;
1429, 1429 -0.374737916244808;
1430, 1430 -0.3978012867016908;
1431, 1431 -0.4171018120650206;
1432, 1432 -0.4145188421279207;
1433, 1433 -0.39369564004241164;
1434, 1434 -0.38655261206820946;
1435, 1435 -0.4112662133182393;
1436, 1436 -0.46687181613080664;
1437, 1437 -0.46687181613080664;
1438, 1438 -0.46431276258201315;
1439, 1439 -0.44156030517311473;
1440, 1440 -0.4126533638400153;
1441, 1441 -0.30561158190964377;
1442, 1442 -0.31377504245158916;
1443, 1443 -0.31265894433062;
1444, 1444 -0.29433899088785587;
1445, 1445 -0.3038417691749642;
1446, 1446 -0.28313017690155207;
1447, 1447 -0.26275341406443065;
1448, 1448 -0.1857027830703858;
1449, 1449 -0.1857027830703858;
1450, 1450 -0.22215135884946213;
1451, 1451 -0.27550084903178473;
1452, 1452 -0.21969594298333017;
1453, 1453 -0.2114129004998524;
1454, 1454 -0.22649616939180617;
1455, 1455 -0.2201344101022823;
1456, 1456 -0.2538724618732908;
1457, 1457 -0.2355923690777042;
1458, 1458 -0.2922184044580146;
1459, 1459 -0.30923890080279337;
1460, 1460 -0.29496878911325997;
1461, 1461 -0.26587051667370853;
1462, 1462 -0.294259269593501;
1463, 1463 -0.29032103765236716;
1464, 1464 -0.29791847700439256;
1465, 1465 -0.24970303817852768;
1466, 1466 -0.220533016574057;
1467, 1467 -0.20281894496839037;
1468, 1468 -0.19813133286032025;
1469, 1469 -0.1705238486252062;
1470, 1470 -0.10530385771343376;
1471, 1471 -0.05287116241619272;
1472, 1472 -0.17336989883367726;
1473, 1473 -0.17336989883367726;
1474, 1474 -0.182976314803447;
1475, 1475 -0.1884691119845021;
1476, 1476 -0.17563398359335758;
1477, 1477 -0.1793569680397329;
1478, 1478 -0.20674920478008874;
1479, 1479 -0.206868786721621;
1480, 1480 -0.19417715666031543;
1481, 1481 -0.1838213605236093;
1482, 1482 -0.19200873745386127;
1483, 1483 -0.16925628004496274;
1484, 1484 -0.07809497995009429;
1485, 1485 -0.07809497995009429;
1486, 1486 -0.08589172253800692;
1487, 1487 -0.09680556773519766;
1488, 1488 -0.12878975103039747;
1489, 1489 -0.11307668391303993;
1490, 1490 -0.11367459362070198;
1491, 1491 -0.1332621156437095;
1492, 1492 -0.16554923985745817;
1493, 1493 -0.134561572741695;
1494, 1494 -0.16476797117277986;
1495, 1495 -0.19415324027200898;
1496, 1496 -0.20381546114782711;
1497, 1497 -0.1782169535304573;
1498, 1498 -0.176869663655859;
1499, 1499 -0.1549463077082519;
1500, 1500 -0.12427752576990825;
1501, 1501 -0.07021851606782681;
1502, 1502 -0.022840150832688755;
1503, 1503 0.04423734623755382;
1504, 1504 0.11343542973763743;
1505, 1505 0.21401181469582364;
1506, 1506 0.27731052241364207;
1507, 1507 -0.1119047808860224;
1508, 1508 -0.1119047808860224;
1509, 1509 -0.1119047808860224;
1510, 1510 -0.12348031282635896;
1511, 1511 -0.12137567065538857;
1512, 1512 -0.07805511930291686;
1513, 1513 -0.06968438339564864;
1514, 1514 -0.032287124213748575;
1515, 1515 0.03770817222988443;
1516, 1516 0.07814281272670764;
1517, 1517 0.1116337284852158;
1518, 1518 0.1839170260768357;
1519, 1519 0.25410365362692056;
1520, 1520 0.007358275468960729;
1521, 1521 0.007358275468960729;
1522, 1522 -0.01951577285808792;
1523, 1523 -0.01953171711695889;
1524, 1524 -0.045146168993199676;
1525, 1525 -0.04957867295933405;
1526, 1526 -0.0698757145021005;
1527, 1527 -0.06413578130854514;
1528, 1528 -0.07798337013799728;
1529, 1529 -0.03460701387947718;
1530, 1530 -0.028285115237130842;
1531, 1531 -0.025399204381482243;
1532, 1532 0.12022768401667783;
1533, 1533 0.12022768401667783;
1534, 1534 0.12022768401667783;
1535, 1535 0.07760070792509399;
1536, 1536 0.08070186627550102;
1537, 1537 0.09552205489608334;
1538, 1538 0.08372330333155298;
1539, 1539 0.08025542702711319;
1540, 1540 0.10237808621060784;
1541, 1541 0.10527196919569204;
1542, 1542 0.0820810446678415;
1543, 1543 0.05643470427385866;
1544, 1544 0.0586828447746679;
1545, 1545 0.08419365896824704;
1546, 1546 0.123639755415069;
1547, 1547 0.1343383531175013;
1548, 1548 0.09857538046987746;
1549, 1549 0.09065108381099707;
1550, 1550 0.046931925986750445;
1551, 1551 0.03805097379561073;
1552, 1552 0.06598531533758001;
1553, 1553 0.07093600771702158;
1554, 1554 0.0452577788052968;
1555, 1555 0.04169423694763119;
1556, 1556 0.01983465803550799;
1557, 1557 0.024482409496400903;
1558, 1558 0.10331082535456071;
1559, 1559 0.10687436721222632;
1560, 1560 0.12389486355700474;
1561, 1561 0.13784609006911852;
1562, 1562 0.1121359726396518;
1563, 1563 0.11007916324529465;
1564, 1564 0.15618198777075354;
1565, 1565 0.22553154173011158;
1566, 1566 0.2747913295120261;
1567, 1567 0.3134402130152987;
1568, 1568 0.05671372880410086;
1569, 1569 0.05671372880410086;
1570, 1570 0.051149182458126496;
1571, 1571 0.072107910744039;
1572, 1572 0.034256240184315834;
1573, 1573 0.056283233814584444;
1574, 1574 0.06165644905410694;
1575, 1575 0.08460023756945723;
1576, 1576 0.09836013297511914;
1577, 1577 0.1333338648086293;
1578, 1578 0.15489050280220362;
1579, 1579 0.17950046636957206;
1580, 1580 0.11782807305659437;
1581, 1581 0.11782807305659437;
1582, 1582 0.1010467405948805;
1583, 1583 0.06979599320774588;
1584, 1584 0.06546712692427281;
1585, 1585 0.05684925500450433;
1586, 1586 0.03742914769964223;
1587, 1587 0.033068392898427224;
1588, 1588 0.07823050615049798;
1589, 1589 0.08965456763156032;
1590, 1590 0.1365067723239557;
1591, 1591 0.1406921402775898;
1592, 1592 0.1797794908998145;
1593, 1593 0.1797794908998145;
1594, 1594 0.1995423997704029;
1595, 1595 0.18183630029417164;
1596, 1596 0.1720704417356922;
1597, 1597 0.13539067420298645;
1598, 1598 0.15862943150745012;
1599, 1599 0.12539362389087771;
1600, 1600 0.11603434393360823;
1601, 1601 0.09448567806946939;
1602, 1602 0.11653658808804424;
1603, 1603 0.07126286502387669;
1604, 1604 0.05396334414885562;
1605, 1605 0.08163460541945367;
1606, 1606 0.07724196210049672;
1607, 1607 0.11188086449771606;
1608, 1608 0.10094310291221897;
1609, 1609 0.12780120698039665;
1610, 1610 0.1400065371461372;
1611, 1611 0.20749061281758996;
1612, 1612 0.2524135621865957;
1613, 1613 0.32518315967378064;
1614, 1614 0.36795363409520343;
1615, 1615 0.4435692817908592;
1616, 1616 0.16744660666310596;
1617, 1617 0.16744660666310596;
1618, 1618 0.1555203010276076;
1619, 1619 0.16842717858367173;
1620, 1620 0.1409791369372675;
1621, 1621 0.14679081929574211;
1622, 1622 0.12467613224168317;
1623, 1623 0.128741918253785;
1624, 1624 0.11486244090659081;
1625, 1625 0.09556988767269647;
1626, 1626 0.09036408715131916;
1627, 1627 0.07903569122348286;
1628, 1628 0.05927278235289446;
1629, 1629 0.05927278235289446;
1630, 1630 0.0698358538549233;
1631, 1631 0.13138069309693323;
1632, 1632 0.07751301450130366;
1633, 1633 0.0891523234771241;
1634, 1634 0.08525395218316767;
1635, 1635 0.10044883088721845;
1636, 1636 0.14840916157114736;
1637, 1637 0.21876320383937764;
1638, 1638 0.24310211500593937;
1639, 1639 0.2914929406793849;
1640, 1640 0.1134513739965084;
1641, 1641 0.1134513739965084;
1642, 1642 0.10621268046908039;
1643, 1643 0.12246785238805158;
1644, 1644 0.09199040155615967;
1645, 1645 0.07469088068113883;
1646, 1646 0.04749794717667055;
1647, 1647 0.03248642744963637;
1648, 1648 0.04375901847142405;
1649, 1649 0.0876774795315578;
1650, 1650 0.13024865071709324;
1651, 1651 0.08870588422873649;
1652, 1652 0.18898730039780953;
1653, 1653 0.18898730039780953;
1654, 1654 0.1700216044707703;
1655, 1655 0.17081084528488422;
1656, 1656 0.1858223650119184;
1657, 1657 0.16853878839576852;
1658, 1658 0.16436936470100538;
1659, 1659 0.1647520269139091;
1660, 1660 0.1725168809840798;
1661, 1661 0.1759847572885196;
1662, 1662 0.15968175259293527;
1663, 1663 0.1769493849502144;
1664, 1664 0.1443672919473522;
1665, 1665 0.13300700750177397;
1666, 1666 0.14801055509937266;
1667, 1667 0.12580817462152338;
1668, 1668 0.10307166147149593;
1669, 1669 0.07905163548235383;
1670, 1670 0.1364988001945202;
1671, 1671 0.11698302733643207;
1672, 1672 0.0760062820379952;
1673, 1673 0.06793051491984037;
1674, 1674 0.04207689916053492;
1675, 1675 0.04513022473432882;
1676, 1676 0.03292489456858827;
1677, 1677 0.04710731283433134;
1678, 1678 0.0496743385125602;
1679, 1679 0.09229334247470855;
1680, 1680 0.08748614842510594;
1681, 1681 0.11699897159530304;
1682, 1682 0.08509450959445797;
1683, 1683 0.12935577222031802;
1684, 1684 0.16417006146511803;
1685, 1685 0.19486275979176804;
1686, 1686 0.26350279423136724;
1687, 1687 0.2517598475728853;
1688, 1688 0.14642410134170958;
1689, 1689 0.14642410134170958;
1690, 1690 0.14077983370138014;
1691, 1691 0.1658920414231846;
1692, 1692 0.1522517279590554;
1693, 1693 0.15143857075663503;
1694, 1694 0.15560002232196246;
1695, 1695 0.1502028906941335;
1696, 1696 0.12728301856708946;
1697, 1697 0.13946443234452355;
1698, 1698 0.13248881908846677;
1699, 1699 0.1277055414271706;
1700, 1700 0.11184897597997412;
1701, 1701 0.11978124476829022;
1702, 1702 0.10779116209730799;
1703, 1703 0.08559675374889397;
1704, 1704 0.027224822022210438;
1705, 1705 0.0724347680508941;
1706, 1706 0.04954678444159222;
1707, 1707 0.02870763809721244;
1708, 1708 0.05415467525530748;
1709, 1709 0.048087884754897114;
1710, 1710 0.08613885855050762;
1711, 1711 0.11506971627191342;
1712, 1712 0.1778900962236023;
1713, 1713 0.1778900962236023;
1714, 1714 0.1872414040514363;
1715, 1715 0.15967378046349978;
1716, 1716 0.17217407941835372;
1717, 1717 0.16106093098527574;
1718, 1718 0.1446542886070301;
1719, 1719 0.14214306783484965;
1720, 1720 0.12207721804571237;
1721, 1721 0.13873099643645825;
1722, 1722 0.12757001522676736;
1723, 1723 0.14780327973404983;
1724, 1724 0.12294618015418113;
1725, 1725 0.12294618015418113;
1726, 1726 0.11606623245135017;
1727, 1727 0.13866721940097437;
1728, 1728 0.1429482529078343;
1729, 1729 0.1355421446622609;
1730, 1730 0.1324170699235474;
1731, 1731 0.10430734153399723;
1732, 1732 0.14274097754251147;
1733, 1733 0.12029943318159719;
1734, 1734 0.13946443234452355;
1735, 1735 0.18113475290384828;
1736, 1736 0.0949879222239054;
1737, 1737 0.09164759999043359;
1738, 1738 0.10012197358036312;
1739, 1739 0.09320216523035474;
1740, 1740 0.08951904143115685;
1741, 1741 0.06397633871983577;
1742, 1742 0.010778318996787384;
1743, 1743 0.04693989811618593;
1744, 1744 0.018208343630667256;
1745, 1745 0.06817765093234063;
1746, 1746 0.06950899654806797;
1747, 1747 0.045114280475457846;
1748, 1748 0.017929319100425056;
1749, 1749 0.009367252086704969;
1750, 1750 0.004799221920167351;
1751, 1751 0.018144566595183376;
1752, 1752 0.03247845532020088;
1753, 1753 0.029704154276648964;
1754, 1754 0.04334446774077838;
1755, 1755 0.012468410437111999;
1756, 1756 0.006553090395975847;
1757, 1757 0.0786849175283213;
1758, 1758 0.03485414989197788;
1759, 1759 0.046684789974250185;
1760, 1760 0.11474285896505831;
1761, 1761 0.11474285896505831;
1762, 1762 0.12657349904733062;
1763, 1763 0.09428637483358204;
1764, 1764 0.08540542264244211;
1765, 1765 0.05814871210248973;
1766, 1766 0.07514529205896214;
1767, 1767 0.0664955316214515;
1768, 1768 0.020687675885106005;
1769, 1769 -0.0059870692060554065;
1770, 1770 0.007972129435493747;
1771, 1771 0.006497285489927229;
1772, 1772 0.11061329591747282;
1773, 1773 0.11061329591747282;
1774, 1774 0.11860136961183732;
1775, 1775 0.11387389685658955;
1776, 1776 0.10177220437351031;
1777, 1777 0.11065315656465025;
1778, 1778 0.08445673923961827;
1779, 1779 0.11411306073965433;
1780, 1780 0.12089734288925924;
1781, 1781 0.08833916627470373;
1782, 1782 0.125122571490071;
1783, 1783 0.4631009989078183;
1784, 1784 0.2600349179269277;
1785, 1785 0.11743743871425516;
1786, 1786 0.10658737055254863;
1787, 1787 0.12434130280539257;
1788, 1788 0.10097499142996091;
1789, 1789 0.0918070425791433;
1790, 1790 0.10674681314125833;
1791, 1791 0.11292521345376572;
1792, 1792 0.11247877420537811;
1793, 1793 0.12071398391224286;
1794, 1794 0.11250269059368456;
1795, 1795 0.11257443975860415;
1796, 1796 0.1074961933081946;
1797, 1797 0.10590973955053151;
1798, 1798 0.12335275875539131;
1799, 1799 0.07524095761218796;
1800, 1800 0.10657939842311293;
1801, 1801 0.13571753150984178;
1802, 1802 0.15968175259293527;
1803, 1803 0.1530489409026048;
1804, 1804 0.1533757982094599;
1805, 1805 0.15908384288527322;
1806, 1806 0.17651888996069753;
1807, 1807 0.17893444517965218;
1808, 1808 0.17983529580586288;
1809, 1809 0.1683952900659298;
1810, 1810 0.18099125457400955;
1811, 1811 0.1739199757647265;
1812, 1812 0.18449101939619106;
1813, 1813 0.17474907722601807;
1814, 1814 0.19474317785023576;
1815, 1815 0.17589706386472903;
1816, 1816 0.19275811762079798;
1817, 1817 0.2146655293095341;
1818, 1818 0.2025957253441968;
1819, 1819 0.18771973181756607;
1820, 1820 0.06706952494080709;
1821, 1821 0.06706952494080709;
1822, 1822 0.046405765444007985;
1823, 1823 0.05924089383515252;
1824, 1824 0.058882148010555246;
1825, 1825 0.05696883694603683;
1826, 1826 0.10571840844407965;
1827, 1827 0.09383993558519443;
1828, 1828 0.10294410740052795;
1829, 1829 0.03955770625891897;
1830, 1830 0.01612761784800365;
1831, 1831 0.006497285489927229;
1832, 1832 -0.01656608496695533;
1833, 1833 -0.004950692379441346;
1834, 1834 -0.007525690187105694;
1835, 1835 0.029568628076245496;
1836, 1836 0.005317410333474326;
1837, 1837 0.06213477682023649;
1838, 1838 0.09105766241220725;
1839, 1839 0.11019077305739167;
1840, 1840 0.10080757671181573;
1841, 1841 0.10337460239004459;
1842, 1842 0.09635912848681016;
1843, 1843 0.06502865980532069;
1844, 1844 0.19562011208814;
1845, 1845 0.19562011208814;
1846, 1846 0.18348653108731883;
1847, 1847 0.19204062597160343;
1848, 1848 0.18418010634820692;
1849, 1849 0.2152235783700187;
1850, 1850 0.20025989141959744;
1851, 1851 0.18177252325868776;
1852, 1852 0.17537090332198657;
1853, 1853 0.1660514840118945;
1854, 1854 0.19824294267241727;
1855, 1855 0.18212329695384954;
1856, 1856 0.18748056793450107;
1857, 1857 0.1604630212776137;
1858, 1858 0.1873051810869204;
1859, 1859 0.191259357286925;
1860, 1860 0.20018017012524236;
1861, 1861 0.16714366574455708;
1862, 1862 0.1538860144933316;
1863, 1863 0.16007238693527448;
1864, 1864 0.15627765332397958;
1865, 1865 0.13040809330580316;
1866, 1866 0.1698462176231894;
1867, 1867 0.16354026323971405;
1868, 1868 0.16495930227923195;
1869, 1869 0.14423176574694874;
1870, 1870 0.12258743432958408;
1871, 1871 0.13091033746023917;
1872, 1872 0.14148138109170372;
1873, 1873 0.10672289675295188;
1874, 1874 0.08028731554485535;
1875, 1875 0.06637594967991922;
1876, 1876 0.08716726324768631;
1877, 1877 0.08975820531422163;
1878, 1878 0.1297065459154798;
1879, 1879 0.15056960864816604;
1880, 1880 0.1446542886070301;
1881, 1881 0.1823066559308657;
1882, 1882 0.22464663536277185;
1883, 1883 0.22392117158414204;
1884, 1884 0.27533343431363955;
1885, 1885 0.30744517167980745;
1886, 1886 0.37117437438714274;
1887, 1887 0.3827419341980438;
1888, 1888 0.4344013329400418;
1889, 1889 0.5089247989030352;
1890, 1890 0.559802928960355;
1891, 1891 0.6060412796862173;
1892, 1892 0.2766169471527542;
1893, 1893 0.2766169471527542;
1894, 1894 0.2581933560273286;
1895, 1895 0.25410365362692056;
1896, 1896 0.240543061457146;
1897, 1897 0.25898259684144254;
1898, 1898 0.26202795028580117;
1899, 1899 0.23947479611278988;
1900, 1900 0.24249623316884206;
1901, 1901 0.2401444549853713;
1902, 1902 0.2187950923571198;
1903, 1903 0.21321460175227425;
1904, 1904 0.18325533933368954;
1905, 1905 0.2019101222127444;
1906, 1906 0.1851447340099015;
1907, 1907 0.18602964037724123;
1908, 1908 0.1807999234675577;
1909, 1909 0.18047306616070236;
1910, 1910 0.18550347983449877;
1911, 1911 0.1937546338002345;
1912, 1912 0.20017219799580688;
1913, 1913 0.19999681114822598;
1914, 1914 0.19406554684821864;
1915, 1915 0.24045536803335543;
1916, 1916 0.14946148265663273;
1917, 1917 0.14946148265663273;
1918, 1918 0.22917480488213227;
1919, 1919 0.257762861037812;
1920, 1920 0.28721987930196047;
1921, 1921 0.27455216562896134;
1922, 1922 0.2771351355660612;
1923, 1923 0.27053421239347264;
1924, 1924 0.31559268796288187;
1925, 1925 0.3665903999617339;
1926, 1926 0.38090834442788024;
1927, 1927 0.3636008514234239;
1928, 1928 0.27963838420880616;
1929, 1929 0.27963838420880616;
1930, 1930 0.2745681098878323;
1931, 1931 0.31180592648102246;
1932, 1932 0.2919553241866437;
1933, 1933 0.2830504556071973;
1934, 1934 0.23445235456842894;
1935, 1935 0.2308489520635859;
1936, 1936 0.24816441719747773;
1937, 1937 0.27946299736122526;
1938, 1938 0.2645870038345943;
1939, 1939 0.257635306966844;
1940, 1940 0.3663193475609272;
1941, 1941 0.3663193475609272;
1942, 1942 0.37146137104682064;
1943, 1943 0.37111856948109434;
1944, 1944 0.3607787176032593;
1945, 1945 0.3404896481899282;
1946, 1946 0.3421956838891238;
1947, 1947 0.34640496823106437;
1948, 1948 0.3463969961016289;
1949, 1949 0.32273571593708406;
1950, 1950 0.3396047418225885;
1951, 1951 0.3715809529883529;
1952, 1952 0.3628753876447941;
1953, 1953 0.30949400894472956;
1954, 1954 0.32994252094677035;
1955, 1955 0.31957078055119315;
1956, 1956 0.31548905028022056;
1957, 1957 0.28150386249671167;
1958, 1958 0.33502873952661516;
1959, 1959 0.34511348326251445;
1960, 1960 0.31419756531167065;
1961, 1961 0.3137112654161056;
1962, 1962 0.29645957731769745;
1963, 1963 0.2850992928721192;
1964, 1964 0.4225069158222856;
1965, 1965 0.4225069158222856;
1966, 1966 0.3786043990210226;
1967, 1967 0.38947041144160033;
1968, 1968 0.3906821751157954;
1969, 1969 0.3907937849278924;
1970, 1970 0.38810717730813105;
1971, 1971 0.3710866809633524;
1972, 1972 0.37054457616173875;
1973, 1973 0.36691725726858926;
1974, 1974 0.4635633824150771;
1975, 1975 0.3856995942186119;
1976, 1976 0.361552014158502;
1977, 1977 0.37246585935569265;
1978, 1978 0.3630906351395524;
1979, 1979 0.36131285027543725;
1980, 1980 0.35693615121535127;
1981, 1981 0.35298197501534667;
1982, 1982 0.31906056426732166;
1983, 1983 0.28727568420800886;
1984, 1984 0.3334821464161295;
1985, 1985 0.3411274185447677;
1986, 1986 0.3197142788810321;
1987, 1987 0.34278562146735037;
1988, 1988 0.32681744620805686;
1989, 1989 0.32268788316047115;
1990, 1990 0.3209579310729691;
1991, 1991 0.3111123512201346;
1992, 1992 0.36487639213310286;
1993, 1993 0.3478718400471952;
1994, 1994 0.35189776541211937;
1995, 1995 0.38668813826861315;
1996, 1996 0.36918134202826924;
1997, 1997 0.39535384296499454;
1998, 1998 0.40299114296419747;
1999, 1999 0.424810861229143;
2000, 2000 0.5310713744748363;
2001, 2001 0.5310713744748363;
2002, 2002 0.5182362460836916;
2003, 2003 0.5025470953546403;
2004, 2004 0.5086936071494059;
2005, 2005 0.5033283640393187;
2006, 2006 0.49481412980221173;
2007, 2007 0.47107312834331183;
2008, 2008 0.45335905673764554;
2009, 2009 0.43175458596745786;
2010, 2010 0.4565638527707139;
2011, 2011 0.41784322010252173;
2012, 2012 0.3352997919274219;
2013, 2013 0.3352997919274219;
2014, 2014 0.30417659861125523;
2015, 2015 0.3182394349354658;
2016, 2016 0.30251839568867256;
2017, 2017 0.3720592807544827;
2018, 2018 0.3312738665624977;
2019, 2019 0.35846680006696596;
2020, 2020 0.3514752425520382;
2021, 2021 0.33898291572661976;
2022, 2022 0.33950110413992696;
2023, 2023 0.34494606854436904;
2024, 2024 0.4143115667625983;
2025, 2025 0.4143115667625983;
2026, 2026 0.405342921147668;
2027, 2027 0.40276792334000366;
2028, 2028 0.4154914419190512;
2029, 2029 0.4238701499557549;
2030, 2030 0.4251217742771274;
2031, 2031 0.4408188971356142;
2032, 2032 0.3875172397299045;
2033, 2033 0.39297017626378206;
2034, 2034 0.39540964787104316;
2035, 2035 0.3872860479762752;
2036, 2036 0.410349418433158;
2037, 2037 0.42434847772188444;
2038, 2038 0.4005755877452428;
2039, 2039 0.38771654296579183;
2040, 2040 0.4001849534029036;
2041, 2041 0.4070409847174281;
2042, 2042 0.3808126788746544;
2043, 2043 0.3690856764750434;
2044, 2044 0.36376029401213383;
2045, 2045 0.401596020312986;
2046, 2046 0.37197158733069213;
2047, 2047 0.3639436529891502;
2048, 2048 0.3774085796056985;
2049, 2049 0.41510080757671197;
2050, 2050 0.43225683012189386;
2051, 2051 0.38514154515812726;
2052, 2052 0.3766751436976332;
2053, 2053 0.36357693503511745;
2054, 2054 0.38227955069078523;
2055, 2055 0.3462774141600964;
2056, 2056 0.3449221521560626;
2057, 2057 0.39030748503232715;
2058, 2058 0.39717148847628714;
2059, 2059 0.3577174199000295;
2060, 2060 0.3495061265814714;
2061, 2061 0.3362963081068586;
2062, 2062 0.3681529373310908;
2063, 2063 0.3595828981879352;
2064, 2064 0.35683251353268997;
2065, 2065 0.34108755789759027;
2066, 2066 0.3756148504827126;
2067, 2067 0.40616405047952386;
2068, 2068 0.36424659390769887;
2069, 2069 0.3853567926528856;
2070, 2070 0.3501359248068754;
2071, 2071 0.35355596833470204;
2072, 2072 0.35365163388792786;
2073, 2073 0.37842104004400645;
2074, 2074 0.35910457042180566;
2075, 2075 0.34709057136251675;
2076, 2076 0.373294960816984;
2077, 2077 0.35702384463914183;
2078, 2078 0.395505313424269;
2079, 2079 0.40163588096016345;
2080, 2080 0.4149333928585668;
2081, 2081 0.3807090411919929;
2082, 2082 0.4449165716654577;
2083, 2083 0.42144662260736476;
2084, 2084 0.43605953586262447;
2085, 2085 0.43605953586262447;
2086, 2086 0.42423686790978743;
2087, 2087 0.43743074212552946;
2088, 2088 0.4040275197908114;
2089, 2089 0.401611964571857;
2090, 2090 0.3961590280379794;
2091, 2091 0.408236804132752;
2092, 2092 0.39105686519926364;
2093, 2093 0.3889123623811157;
2094, 2094 0.3788355907746521;
2095, 2095 0.3903314014206336;
2096, 2096 0.36317035643390727;
2097, 2097 0.3483103071661473;
2098, 2098 0.34827841864840536;
2099, 2099 0.35405821248913805;
2100, 2100 0.33797842741774775;
2101, 2101 0.3290257260616887;
2102, 2102 0.3311463124915297;
2103, 2103 0.3308832322201585;
2104, 2104 0.3223211652064384;
2105, 2105 0.3138308473576379;
2106, 2106 0.33219066144757936;
2107, 2107 0.29860408013584516;
2108, 2108 0.27493482784186507;
2109, 2109 0.27493482784186507;
2110, 2110 0.26854118003459915;
2111, 2111 0.3225842454778096;
2112, 2112 0.316772563119335;
2113, 2113 0.28961151813260866;
2114, 2114 0.2831859818076008;
2115, 2115 0.2676243851495175;
2116, 2116 0.24503934245876424;
2117, 2117 0.2490333793059465;
2118, 2118 0.2751979081132363;
2119, 2119 0.2516880984079659;
2120, 2120 0.21167598077122407;
2121, 2121 0.24740706490110598;
2122, 2122 0.24369205258416593;
2123, 2123 0.2903927868172871;
2124, 2124 0.2353292888063332;
2125, 2125 0.2096670041534796;
2126, 2126 0.22474230091599767;
2127, 2127 0.21113387596961042;
2128, 2128 0.21796599089582824;
2129, 2129 0.20436553807887647;
2130, 2130 0.20902923379864013;
2131, 2131 0.201112909269195;
2132, 2132 0.2024203384966159;
2133, 2133 0.20290663839218115;
2134, 2134 0.19758922805870682;
2135, 2135 0.20506708546919983;
2136, 2136 0.1872414040514363;
2137, 2137 0.17640728014860074;
2138, 2138 0.18533606511635337;
2139, 2139 0.18250595916675305;
2140, 2140 0.14794677806388878;
2141, 2141 0.15843012827156278;
2142, 2142 0.19626585457241497;
2143, 2143 0.1804491497723959;
2144, 2144 0.15732200228002924;
2145, 2145 0.14647990624775797;
2146, 2146 0.15404545708204131;
2147, 2147 0.16695233463810522;
2148, 2148 0.10656345416424196;
2149, 2149 0.13781420155137658;
2150, 2150 0.14915056960864836;
2151, 2151 0.14635235217679;
2152, 2152 0.13916946355541038;
2153, 2153 0.11208016773360341;
2154, 2154 0.1132759871489275;
2155, 2155 0.12072992817111383;
2156, 2156 0.10402034487431955;
2157, 2157 0.09596849414447095;
2158, 2158 0.10126198808963882;
2159, 2159 0.08010395656783897;
2160, 2160 0.0783899487392079;
2161, 2161 0.056083930578697094;
2162, 2162 0.07535256742428498;
2163, 2163 0.05935250364724953;
2164, 2164 0.05735149915894033;
2165, 2165 0.055143219305308744;
2166, 2166 0.06736449372992048;
2167, 2167 0.05311829842869331;
2168, 2168 0.061241898323461275;
2169, 2169 0.03979687014198374;
2170, 2170 0.019172971292362062;
2171, 2171 0.03703054122786753;
2172, 2172 0.04160654352384063;
2173, 2173 -0.007557578704847634;
2174, 2174 -0.002264084759680096;
2175, 2175 0.02303148193914084;
2176, 2176 -0.013552620040338748;
2177, 2177 -0.011463922128239545;
2178, 2178 -0.006497285489927118;
2179, 2179 -0.03172907515326395;
2180, 2180 -0.02670663360890313;
2181, 2181 -0.032781396238749205;
2182, 2182 -0.02758356784680749;
2183, 2183 -0.0030294091854873306;
2184, 2184 -0.03452729258512233;
2185, 2185 0.0009646276616948057;
2186, 2186 -0.03494981544520348;
2187, 2187 -0.05208192160207903;
2188, 2188 -0.0241156915423677;
2189, 2189 -0.0357868890359303;
2190, 2190 -0.04414965281376293;
2191, 2191 -0.044189513460940355;
2192, 2192 -0.04171018120650183;
2193, 2193 -0.04223634174924451;
2194, 2194 -0.07346317274807257;
2195, 2195 -0.07261812702791037;
2196, 2196 -0.06857625740411499;
2197, 2197 -0.0770745473823512;
2198, 2198 -0.08174621523155046;
2199, 2199 -0.10030533255737917;
2200, 2200 -0.10410803829810977;
2201, 2201 -0.1002893882985082;
2202, 2202 -0.123966612721924;
2203, 2203 -0.12352814560297187;
2204, 2204 -0.1674625509219767;
2205, 2205 -0.1674625509219767;
2206, 2206 -0.1674625509219767;
2207, 2207 -0.17646308505464892;
2208, 2208 -0.14624871449412835;
2209, 2209 -0.1113865924727152;
2210, 2210 -0.15921936908567635;
2211, 2211 -0.12331289810821355;
2212, 2212 -0.15273005572518472;
2213, 2213 -0.20174270749459877;
2214, 2214 -0.20095346668048486;
2215, 2215 -0.1774277127163436;
2216, 2216 -0.17950046636957184;
2217, 2217 -0.19938295718169274;
2218, 2218 -0.22085987388091222;
2219, 2219 -0.20243628275548664;
2220, 2220 -0.21059974329743203;
2221, 2221 -0.19440037628450924;
2222, 2222 -0.16738282962762163;
2223, 2223 -0.25674242847006856;
2224, 2224 -0.2992577947495555;
2225, 2225 -0.3013305484027837;
2226, 2226 -0.3107934660427145;
2227, 2227 -0.3045034559181101;
2228, 2228 -0.2890136084249463;
2229, 2229 -0.24039956312730681;
2230, 2230 -0.1858701977885312;
2231, 2231 -0.24744692554828307;
2232, 2232 -0.26783166051484;
2233, 2233 -0.28930857721405956;
2234, 2234 -0.2668670328531453;
2235, 2235 -0.2653204397426595;
2236, 2236 -0.2580897183446669;
2237, 2237 -0.27276640863541046;
2238, 2238 -0.2825402393233255;
2239, 2239 -0.262386696110398;
2240, 2240 -0.2318056075958448;
2241, 2241 -0.24751867471320244;
2242, 2242 -0.2604096080103956;
2243, 2243 -0.2747434967354129;
2244, 2244 -0.24707223546481494;
2245, 2245 -0.2722880808692809;
2246, 2246 -0.2720090563390386;
2247, 2247 -0.3027176989245596;
2248, 2248 -0.2819184132273571;
2249, 2249 -0.3095019810741646;
2250, 2250 -0.29515214809027623;
2251, 2251 -0.30800322074029174;
2252, 2252 -0.30647257188867705;
2253, 2253 -0.2655994642729018;
2254, 2254 -0.26388545644427064;
2255, 2255 -0.27933544329025717;
2256, 2256 -0.2761067308688824;
2257, 2257 -0.25606479746805155;
2258, 2258 -0.26908328483621247;
2259, 2259 -0.26541610529588544;
2260, 2260 -0.2650414152124172;
2261, 2261 -0.268493347257986;
2262, 2262 -0.2721844431866195;
2263, 2263 -0.2722402480926679;
2264, 2264 -0.2634629335841895;
2265, 2265 -0.245166896529732;
2266, 2266 -0.2710364565479083;
2267, 2267 -0.26677933942935483;
2268, 2268 -0.27072554349992417;
2269, 2269 -0.26569512982612775;
2270, 2270 -0.306568237441903;
2271, 2271 -0.32402720090563375;
2272, 2272 -0.37687444693352024;
2273, 2273 -0.3325494072721764;
2274, 2274 -0.3305165142661255;
2275, 2275 -0.36667809338552404;
2276, 2276 -0.4484163364876391;
2277, 2277 -0.4484163364876391;
2278, 2278 -0.4229613272001084;
2279, 2279 -0.45547964316748635;
2280, 2280 -0.47535416185017176;
2281, 2281 -0.4727313312658943;
2282, 2282 -0.4554636989086154;
2283, 2283 -0.4667203456715322;
2284, 2284 -0.45858080151789327;
2285, 2285 -0.46698342594290354;
2286, 2286 -0.45944179149692665;
2287, 2287 -0.4574965919146663;
2288, 2288 -0.46086083053644444;
2289, 2289 -0.4603187257348309;
2290, 2290 -0.4352782671779458;
2291, 2291 -0.4102059201033187;
2292, 2292 -0.3971714884762868;
2293, 2293 -0.3570079003802704;
2294, 2294 -0.34843786123711495;
2295, 2295 -0.3192997281503862;
2296, 2296 -0.3173943892153033;
2297, 2297 -0.3374363226161339;
2298, 2298 -0.31967441823385434;
2299, 2299 -0.3277820738697512;
2300, 2300 -0.4950851822030182;
2301, 2301 -0.4950851822030182;
2302, 2302 -0.5007055334550411;
2303, 2303 -0.5042770474421422;
2304, 2304 -0.4959621164409225;
2305, 2305 -0.5045720162312555;
2306, 2306 -0.5163229350191729;
2307, 2307 -0.5216722338703891;
2308, 2308 -0.5179173609062716;
2309, 2309 -0.4938495021405166;
2310, 2310 -0.4402289595573873;
2311, 2311 -0.4499071246920764;
2312, 2312 -0.3777035483948117;
2313, 2313 -0.41131404609485234;
2314, 2314 -0.3980165341964491;
2315, 2315 -0.3744668638440012;
2316, 2316 -0.35796455591252974;
2317, 2317 -0.35749420027583556;
2318, 2318 -0.33921410748024894;
2319, 2319 -0.34779211875284;
2320, 2320 -0.3531812782512336;
2321, 2321 -0.331138340362094;
2322, 2322 -0.3583870787726109;
2323, 2323 -0.3608823552859203;
2324, 2324 -0.5221904222836962;
2325, 2325 -0.5221904222836962;
2326, 2326 -0.5246059775026506;
2327, 2327 -0.52039669316071;
2328, 2328 -0.5180927477538525;
2329, 2329 -0.515613415499414;
2330, 2330 -0.47565710276872053;
2331, 2331 -0.47184642489855455;
2332, 2332 -0.4427640967178742;
2333, 2333 -0.431387868013425;
2334, 2334 -0.4027200905633903;
2335, 2335 -0.3893109688528902;
2336, 2336 -0.39273101238071695;
2337, 2337 -0.39523426102346193;
2338, 2338 -0.3660403230306847;
2339, 2339 -0.34193260361775224;
2340, 2340 -0.35511850570405845;
2341, 2341 -0.39997767803758044;
2342, 2342 -0.40739175841258946;
2343, 2343 -0.4377735436912553;
2344, 2344 -0.49364222677519376;
2345, 2345 -0.5320997791720146;
2346, 2346 -0.5744557028627916;
2347, 2347 -0.6137822173680811;
2348, 2348 -0.5355915718647607;
2349, 2349 -0.5355915718647607;
2350, 2350 -0.5342921147667752;
2351, 2351 -0.5371939698812949;
2352, 2352 -0.5509219767692147;
2353, 2353 -0.544368886373239;
2354, 2354 -0.5577142310482552;
2355, 2355 -0.5339732295893556;
2356, 2356 -0.5049626505735947;
2357, 2357 -0.48526351873849016;
2358, 2358 -0.47076221529532747;
2359, 2359 -0.42380637292027057;
2360, 2360 -0.40196273826701834;
2361, 2361 -0.37692227971013326;
2362, 2362 -0.4145746470339692;
2363, 2363 -0.41861651665776434;
2364, 2364 -0.3953777593533008;
2365, 2365 -0.4542599073638559;
2366, 2366 -0.512480368631265;
2367, 2367 -0.5577700359543036;
2368, 2368 -0.6086242496233167;
2369, 2369 -0.6474564921036057;
2370, 2370 -0.7268987619282985;
2371, 2371 -0.7579183175618038;
2372, 2372 -0.568420800880123;
2373, 2373 -0.568420800880123;
2374, 2374 -0.5424077425321077;
2375, 2375 -0.48441847301832786;
2376, 2376 -0.4271387230243069;
2377, 2377 -0.42376651227309314;
2378, 2378 -0.4051197015234739;
2379, 2379 -0.4000494272024999;
2380, 2380 -0.4395832170731123;
2381, 2381 -0.49121869942680385;
2382, 2382 -0.5904876551575691;
2383, 2383 -0.7096709902181971;
2384, 2384 -0.6217543468035747;
2385, 2385 -0.6217543468035747;
2386, 2386 -0.6248395608951106;
2387, 2387 -0.6141569074515494;
2388, 2388 -0.6102346197692865;
2389, 2389 -0.581391455471671;
2390, 2390 -0.553058507457927;
2391, 2391 -0.5112606328276346;
2392, 2392 -0.4650143099723366;
2393, 2393 -0.451724770203369;
2394, 2394 -0.44495643231263493;
2395, 2395 -0.4762390682175115;
2396, 2396 -0.5203568325135326;
2397, 2397 -0.5203568325135326;
2398, 2398 -0.5010084743735899;
2399, 2399 -0.4995017419102815;
2400, 2400 -0.4589076588247486;
2401, 2401 -0.4949895166497923;
2402, 2402 -0.4691119845021803;
2403, 2403 -0.3997305420250802;
2404, 2404 -0.4061640504795234;
2405, 2405 -0.43554931957875254;
2406, 2406 -0.47916483972033763;
2407, 2407 -0.47003675151669755;
2408, 2408 -0.4695982843977454;
2409, 2409 -0.4695982843977454;
2410, 2410 -0.45496942688361475;
2411, 2411 -0.4609883846074124;
2412, 2412 -0.49676730151390736;
2413, 2413 -0.47933225443848304;
2414, 2414 -0.4467979942122339;
2415, 2415 -0.4762948731235599;
2416, 2416 -0.4954439280276153;
2417, 2417 -0.5430215964986407;
2418, 2418 -0.6181509442987316;
2419, 2419 -0.6686862727903249;
2420, 2420 -0.6227827515007534;
2421, 2421 -0.6227827515007534;
2422, 2422 -0.6325565821886683;
2423, 2423 -0.6068066041120244;
2424, 2424 -0.5786490429458612;
2425, 2425 -0.5132536651865078;
2426, 2426 -0.49970104514616887;
2427, 2427 -0.484099587840908;
2428, 2428 -0.47387931790460536;
2429, 2429 -0.4906686224957547;
2430, 2430 -0.5011519727034288;
2431, 2431 -0.5278346899240255;
2432, 2432 -0.6614794677806388;
2433, 2433 -0.6614794677806388;
2434, 2434 -0.6676977287403237;
2435, 2435 -0.6695313185104872;
2436, 2436 -0.6371485287435126;
2437, 2437 -0.6561381410588581;
2438, 2438 -0.6017682183087923;
2439, 2439 -0.5397051906534753;
2440, 2440 -0.5454212074587242;
2441, 2441 -0.5262880968135397;
2442, 2442 -0.48995910297599576;
2443, 2443 -0.4285497899343893;
2444, 2444 -0.6297743090156811;
2445, 2445 -0.6297743090156811;
2446, 2446 -0.6781332461713848;
2447, 2447 -0.6846385037907474;
2448, 2448 -0.6345017817709288;
2449, 2449 -0.6493139982620757;
2450, 2450 -0.6370608353197221;
2451, 2451 -0.6196895652797818;
2452, 2452 -0.5661567161204428;
2453, 2453 -0.5273005572518474;
2454, 2454 -0.4797547772985641;
2455, 2455 -0.46086083053644444;
2456, 2456 -0.4449245437948929;
2457, 2457 -0.45740092636144036;
2458, 2458 -0.42377448440252863;
2459, 2459 -0.49581064598164803;
2460, 2460 -0.5102003396127138;
2461, 2461 -0.5835758189369962;
2462, 2462 -0.6427051029600516;
2463, 2463 -0.6986056745617322;
2464, 2464 -0.7138244696540892;
2465, 2465 -0.8661160582603219;
2466, 2466 -1.0;
2467, 2467 -0.4095840940073502;
2468, 2468 -0.4095840940073502;
2469, 2469 -0.4095840940073502;
2470, 2470 -0.39329703357063694;
2471, 2471 -0.45417221394006546;
2472, 2472 -0.4925022122659183;
2473, 2473 -0.524916890550635;
2474, 2474 -0.5738817095434361;
2475, 2475 -0.6209491617305898;
2476, 2476 -0.6733738848983952;
2477, 2477 -0.8250436474086593;
2478, 2478 -0.9191626075240957;
2479, 2479 -0.5569090459752704;
2480, 2480 -0.5569090459752704;
2481, 2481 -0.5569090459752704;
2482, 2482 -0.5282572127841068;
2483, 2483 -0.4470052695775567;
2484, 2484 -0.39968270924846727;
2485, 2485 -0.38333187177627004;
2486, 2486 -0.3820563310665911;
2487, 2487 -0.3847190222980459;
2488, 2488 -0.41109082647065853;
2489, 2489 -0.47122459880258605;
2490, 2490 -0.5135406618461856;
2491, 2491 -0.603378588454762;
2492, 2492 -0.499007469885281;
2493, 2493 -0.499007469885281;
2494, 2494 -0.499007469885281;
2495, 2495 -0.4940248889880975;
2496, 2496 -0.550084903178488;
2497, 2497 -0.5455487615296921;
2498, 2498 -0.5262641804252333;
2499, 2499 -0.5268620901328953;
2500, 2500 -0.49687891132600426;
2501, 2501 -0.525355357669587;
2502, 2502 -0.41136187887146525;
2503, 2503 -0.41329910632429023;
2504, 2504 -0.4220525044444621;
2505, 2505 -0.3374044340983918;
2506, 2506 -0.3412788890040417;
2507, 2507 -0.3190765085261923;
2508, 2508 -0.30193643023988126;
2509, 2509 -0.28490796176566713;
2510, 2510 -0.28659008107655615;
2511, 2511 -0.3105224136419078;
2512, 2512 -0.33848067157218353;
2513, 2513 -0.3884659231327279;
2514, 2514 -0.4112263526710619;
2515, 2515 -0.4106523593517063;
2516, 2516 -0.3159514337874788;
2517, 2517 -0.3159514337874788;
2518, 2518 -0.3012269107201223;
2519, 2519 -0.2838955013273595;
2520, 2520 -0.2554668877603895;
2521, 2521 -0.26858901281121195;
2522, 2522 -0.288216395481397;
2523, 2523 -0.31762558096893245;
2524, 2524 -0.3177053022632874;
2525, 2525 -0.3942377448440252;
2526, 2526 -0.42779243763801733;
2527, 2527 -0.46832274368806637;
2528, 2528 -0.2826518491354224;
2529, 2529 -0.2826518491354224;
2530, 2530 -0.2585839903696676;
2531, 2531 -0.24701643055876654;
2532, 2532 -0.21132520707606195;
2533, 2533 -0.1936270797292664;
2534, 2534 -0.2292465540470514;
2535, 2535 -0.287459043185025;
2536, 2536 -0.31835901687699786;
2537, 2537 -0.36974736321818913;
2538, 2538 -0.40886660235815586;
2539, 2539 -0.4727153870070233;
2540, 2540 -0.18611733380103146;
2541, 2541 -0.18611733380103146;
2542, 2542 -0.15814313161188476;
2543, 2543 -0.17460557889617878;
2544, 2544 -0.16914467023286583;
2545, 2545 -0.22214338672002665;
2546, 2546 -0.3001108125991532;
2547, 2547 -0.3551424220923649;
2548, 2548 -0.3761011503782774;
2549, 2549 -0.43351642657270173;
2550, 2550 -0.563589690442214;
2551, 2551 -0.13963184706266885;
2552, 2552 -0.13963184706266885;
2553, 2553 -0.13963184706266885;
2554, 2554 -0.12437319132313418;
2555, 2555 -0.12540956814974846;
2556, 2556 -0.16299815843810028;
2557, 2557 -0.2401205385970645;
2558, 2558 -0.2534977717898226;
2559, 2559 -0.31467589307779986;
2560, 2560 -0.3994435453654025;
2561, 2561 -0.5121136506772324;
2562, 2562 -0.620614332294299;
2563, 2563 -0.07758476366622269;
2564, 2564 -0.07758476366622269;
2565, 2565 -0.07758476366622269;
2566, 2566 -0.0655229318303211;
2567, 2567 -0.04792844216618686;
2568, 2568 -0.08263909372832567;
2569, 2569 -0.14579430311630526;
2570, 2570 -0.21814137774340892;
2571, 2571 -0.2633353795132216;
2572, 2572 -0.3671643932810892;
2573, 2573 -0.4415045002670662;
2574, 2574 -0.5283449062078971;
2575, 2575 -0.0571362516641819;
2576, 2576 -0.0571362516641819;
2577, 2577 -0.0571362516641819;
2578, 2578 -0.04152682222948567;
2579, 2579 -0.01741113068711775;
2580, 2580 -0.04334446774077816;
2581, 2581 -0.11731785677272244;
2582, 2582 -0.15125521177961831;
2583, 2583 -0.21189122826598206;
2584, 2584 -0.31518610936167146;
2585, 2585 -0.5090842414917447;
2586, 2586 -0.010539155113722276;
2587, 2587 -0.010539155113722276;
2588, 2588 -0.010539155113722276;
2589, 2589 -0.010539155113722276;
2590, 2590 -0.0068799477028308464;
2591, 2591 0.01470857880848575;
2592, 2592 -0.013209818474612556;
2593, 2593 0.022848122962124462;
2594, 2594 -0.013688146240742216;
2595, 2595 -0.016079785071390296;
2596, 2596 -0.043264746446423086;
2597, 2597 -0.1221011344340186;
2598, 2598 -0.19493450895668718;
2599, 2599 -0.1875044843228073;
2600, 2600 0.048582156779897634;
2601, 2601 0.048582156779897634;
2602, 2602 0.03739725918190007;
2603, 2603 0.03264587003834607;
2604, 2604 0.054927971810550424;
2605, 2605 0.08539745051300662;
2606, 2606 0.0879565040618;
2607, 2607 0.03749292473512611;
2608, 2608 -0.004312922024601873;
2609, 2609 -0.004400615448392209;
2610, 2610 -0.0570326139815206;
2611, 2611 -0.07169336001339299;
2612, 2612 0.095434361472293;
2613, 2613 0.095434361472293;
2614, 2614 0.095434361472293;
2615, 2615 0.095434361472293;
2616, 2616 0.095434361472293;
2617, 2617 0.095434361472293;
2618, 2618 0.004113618788714746;
2619, 2619 -0.029664293629471206;
2620, 2620 -0.0748104626226711;
2621, 2621 -0.056785477969020115;
2622, 2622 -0.0695408850658098;
2623, 2623 -0.08046270239243591;
2624, 2624 -0.09962770155536227;
2625, 2625 -0.09962770155536227;
2626, 2626 -0.0715737780718606;
2627, 2627 -0.013871505217758595;
2628, 2628 -0.00977383068791482;
2629, 2629 0.03774006074762637;
2630, 2630 0.060237410014589265;
2631, 2631 0.08546919967792621;
2632, 2632 0.07119111585895732;
2633, 2633 0.10083149310012218;
2634, 2634 0.09440595677511432;
2635, 2635 0.13252070760620893;
2636, 2636 -0.05755877452426306;
2637, 2637 -0.05755877452426306;
2638, 2638 -0.09159976721382035;
2639, 2639 -0.07942632556582174;
2640, 2640 -0.06651944800975773;
2641, 2641 -0.04300963830448734;
2642, 2642 -0.03817852786657838;
2643, 2643 0.011328395927836299;
2644, 2644 0.08741439926018657;
2645, 2645 0.11113945646021528;
2646, 2646 0.12509068297232884;
2647, 2647 0.14326713808525415;
2648, 2648 -0.042754530162551596;
2649, 2649 -0.042754530162551596;
2650, 2650 -0.05166737087143336;
2651, 2651 -0.050041056466592626;
2652, 2652 -0.0469957030222341;
2653, 2653 -0.05634701085006799;
2654, 2654 -0.0036751516697624;
2655, 2655 -0.001897366805647338;
2656, 2656 0.06069182139241214;
2657, 2657 0.08186579717308295;
2658, 2658 0.11233527587553915;
2659, 2659 0.1210886739957111;
2660, 2660 0.028556167637938;
2661, 2661 0.028556167637938;
2662, 2662 0.020289069413331307;
2663, 2663 -0.03720592807544809;
2664, 2664 -0.042738585903680626;
2665, 2665 -0.014732495196791873;
2666, 2666 -0.015418098328244367;
2667, 2667 -0.019802769517765828;
2668, 2668 0.0428820842335198;
2669, 2669 0.10354998923762526;
2670, 2670 0.1345137399650822;
2671, 2671 0.16324529445060088;
2672, 2672 -0.01877436482058703;
2673, 2673 -0.01877436482058703;
2674, 2674 -0.0425791433149707;
2675, 2675 -0.03147396701132821;
2676, 2676 -0.014007031418161842;
2677, 2677 0.009869496241140974;
2678, 2678 0.07955387963679006;
2679, 2679 0.11969355134449966;
2680, 2680 0.15687556303164163;
2681, 2681 0.17310681856230636;
2682, 2682 0.19057375415547262;
2683, 2683 0.1571226990441419;
2684, 2684 0.0775449030190456;
2685, 2685 0.0775449030190456;
2686, 2686 0.0775449030190456;
2687, 2687 0.07026634884443994;
2688, 2688 0.09229334247470855;
2689, 2689 0.11402536731586399;
2690, 2690 0.14105885823162234;
2691, 2691 0.1877595924647435;
2692, 2692 0.18428374403086822;
2693, 2693 0.19581144319459187;
2694, 2694 0.18854086114942192;
2695, 2695 0.18026579079537952;
2696, 2696 0.054696780056921135;
2697, 2697 0.054696780056921135;
2698, 2698 0.033610497700040654;
2699, 2699 0.009518722545979408;
2700, 2700 0.02134936262825171;
2701, 2701 0.04182976314803466;
2702, 2702 0.0390873506222249;
2703, 2703 0.041869623795212085;
2704, 2704 0.06319507003515734;
2705, 2705 0.09691717754729479;
2706, 2706 0.15537680269776866;
2707, 2707 0.18909891020990632;
2708, 2708 0.19594696939499534;
2709, 2709 0.23488284955794558;
2710, 2710 0.2607045767995091;
2711, 2711 0.2324912107272974;
2712, 2712 0.2582093002861996;
2713, 2713 0.2600189736680565;
2714, 2714 0.2375933735660134;
2715, 2715 0.16302207482640707;
2716, 2716 0.19673621020910925;
2717, 2717 0.24350072147771407;
2718, 2718 0.2211628147994611;
2719, 2719 0.1860535567655477;
2720, 2720 0.026977686009710178;
2721, 2721 0.026977686009710178;
2722, 2722 0.0625413554214469;
2723, 2723 0.09241292441624083;
2724, 2724 0.3386401141608937;
2725, 2725 0.19527731052241393;
2726, 2726 0.22994012930793972;
2727, 2727 0.2326586254454428;
2728, 2728 0.24549375383658734;
2729, 2729 0.24096558431722714;
2730, 2730 0.26898761928298676;
2731, 2731 0.24264770362811627;
2732, 2732 0.01864681074961938;
2733, 2733 0.01864681074961938;
2734, 2734 0.027774898953259575;
2735, 2735 0.03292489456858827;
2736, 2736 0.022019021500833125;
2737, 2737 0.08111641700614669;
2738, 2738 0.1400065371461372;
2739, 2739 0.1775632389167472;
2740, 2740 0.20455686918532834;
2741, 2741 0.23899646834666033;
2742, 2742 0.2510583001825619;
2743, 2743 0.2628092189704794;
2744, 2744 0.22164911469502635;
2745, 2745 0.22164911469502635;
2746, 2746 0.2582810494511192;
2747, 2747 0.23609461323214065;
2748, 2748 0.2237138962188192;
2749, 2749 0.26842159809306687;
2750, 2750 0.19252692586716869;
2751, 2751 0.2306337045688276;
2752, 2752 0.21846823505026447;
2753, 2753 0.19617816114862463;
2754, 2754 0.12324912107272978;
2755, 2755 0.0035555697282301235;
2756, 2756 0.043440133294004424;
2757, 2757 0.043440133294004424;
2758, 2758 0.03178488005931279;
2759, 2759 0.0981050248331834;
2760, 2760 0.15479483724897758;
2761, 2761 0.21492860958090532;
2762, 2762 0.21996699538413722;
2763, 2763 0.2315504994539095;
2764, 2764 0.2525969211636121;
2765, 2765 0.22024601991437964;
2766, 2766 0.1861651665776447;
2767, 2767 0.21390817701316212;
2768, 2768 0.059464113459346324;
2769, 2769 0.059464113459346324;
2770, 2770 0.03693487567464149;
2771, 2771 0.02069564801454149;
2772, 2772 0.03902357358674102;
2773, 2773 0.037516841123432565;
2774, 2774 0.09252453422833784;
2775, 2775 0.1632373223211654;
2776, 2776 0.21273627398614448;
2777, 2777 0.2499422020615929;
2778, 2778 0.2532107751301451;
2779, 2779 0.25359343734304884;
2780, 2780 0.0038027057407306053;
2781, 2781 0.0038027057407306053;
2782, 2782 0.03152179978794156;
2783, 2783 0.06092301314604143;
2784, 2784 0.06310737661136678;
2785, 2785 0.05796535312547357;
2786, 2786 0.07031418162105307;
2787, 2787 0.1136745936207022;
2788, 2788 0.1566682876663188;
2789, 2789 0.19905609987483763;
2790, 2790 0.20206159267201884;
2791, 2791 0.21282396740993503;
2792, 2792 0.056952892687165635;
2793, 2793 0.056952892687165635;
2794, 2794 0.04178990250085701;
2795, 2795 0.04662898506820179;
2796, 2796 0.07147014038919952;
2797, 2797 0.05649848130934276;
2798, 2798 0.02906638392180949;
2799, 2799 0.05189856262506298;
2800, 2800 0.10629240176343524;
2801, 2801 0.14250978578888218;
2802, 2802 0.2026355859913742;
2803, 2803 0.20959525498856002;
2804, 2804 0.193244417516363;
2805, 2805 0.193244417516363;
2806, 2806 0.168674314596172;
2807, 2807 0.11874486794167605;
2808, 2808 0.08537353412470017;
2809, 2809 0.05598826502547127;
2810, 2810 0.05357270980651663;
2811, 2811 0.04297774978674562;
2812, 2812 0.0496743385125602;
2813, 2813 0.05507147014038938;
2814, 2814 0.04690800959844399;
2815, 2815 0.08902476940615611;
2816, 2816 0.1437932986279966;
2817, 2817 0.18223490676594634;
2818, 2818 0.22220716375551097;
2819, 2819 0.2529875555059513;
2820, 2820 0.2771271634366257;
2821, 2821 0.2949050120777763;
2822, 2822 0.27652925372896364;
2823, 2823 0.3017052384862524;
2824, 2824 0.2991940177140717;
2825, 2825 0.2998875929749596;
2826, 2826 0.27170611542049006;
2827, 2827 0.2304104849446338;
2828, 2828 0.24248028890997086;
2829, 2829 0.24248028890997086;
2830, 2830 0.2695456683434714;
2831, 2831 0.29799022616931237;
2832, 2832 0.28938032637897937;
2833, 2833 0.2920828782576115;
2834, 2834 0.302040067922543;
2835, 2835 0.26921881103661627;
2836, 2836 0.3125154460007815;
2837, 2837 0.30202412366367204;
2838, 2838 0.2278514313958404;
2839, 2839 0.18104705948005795;
2840, 2840 0.27489496719468764;
2841, 2841 0.27489496719468764;
2842, 2842 0.28917305101365653;
2843, 2843 0.28887011009510766;
2844, 2844 0.32584484641692657;
2845, 2845 0.2846448814942961;
2846, 2846 0.28855122491768803;
2847, 2847 0.2966668526830203;
2848, 2848 0.2927605092596286;
2849, 2849 0.22203974903736556;
2850, 2850 0.17860758787279685;
2851, 2851 0.0821846823505028;
2852, 2852 0.2110382104163846;
2853, 2853 0.2110382104163846;
2854, 2854 0.2704385468402468;
2855, 2855 0.2880410086338163;
2856, 2856 0.3183351004886916;
2857, 2857 0.3084895206358571;
2858, 2858 0.3145563111362677;
2859, 2859 0.28592042220397507;
2860, 2860 0.3348453805495988;
2861, 2861 0.3449301242854981;
2862, 2862 0.23917185519424122;
2863, 2863 0.17150442054577208;
2864, 2864 0.1148704130360263;
2865, 2865 0.1148704130360263;
2866, 2866 0.16058260321914597;
2867, 2867 0.25190334590272423;
2868, 2868 0.28389550132735963;
2869, 2869 0.31254733451852346;
2870, 2870 0.3315369468338689;
2871, 2871 0.3019284581104462;
2872, 2872 0.32750304933950924;
2873, 2873 0.36681361958592773;
2874, 2874 0.327239969068138;
2875, 2875 0.25324266364788706;
2876, 2876 0.1716718352639175;
2877, 2877 0.1716718352639175;
2878, 2878 0.1716718352639175;
2879, 2879 0.18892352336232565;
2880, 2880 0.24361233128981108;
2881, 2881 0.27036679767532723;
2882, 2882 0.35322113889841145;
2883, 2883 0.3328523481907255;
2884, 2884 0.32048757543627504;
2885, 2885 0.28543412230841003;
2886, 2886 0.26288894026483445;
2887, 2887 0.28156763953219555;
2888, 2888 0.07981695990816129;
2889, 2889 0.07981695990816129;
2890, 2890 0.11777226815054598;
2891, 2891 0.16327718296834282;
2892, 2892 0.2085987388091235;
2893, 2893 0.268118657174518;
2894, 2894 0.32268788316047115;
2895, 2895 0.3181756578999819;
2896, 2896 0.34144630372218754;
2897, 2897 0.3524000095665556;
2898, 2898 0.3626282516322936;
2899, 2899 0.3649003085214093;
2900, 2900 0.17446208056634016;
2901, 2901 0.17446208056634016;
2902, 2902 0.21424300644945293;
2903, 2903 0.25965225571402395;
2904, 2904 0.31638990090643127;
2905, 2905 0.3509171934915538;
2906, 2906 0.3665903999617339;
2907, 2907 0.3571354544512386;
2908, 2908 0.34210001833589776;
2909, 2909 0.3680094390012518;
2910, 2910 0.36544241332302274;
2911, 2911 0.3543770976665579;
2912, 2912 0.11865717451788571;
2913, 2913 0.11865717451788571;
2914, 2914 0.21554246354743833;
2915, 2915 0.2684694308696798;
2916, 2916 0.31996938702296784;
2917, 2917 0.31273069349553984;
2918, 2918 0.3463172748072738;
2919, 2919 0.34116727919194534;
2920, 2920 0.3424189035133176;
2921, 2921 0.33019762908870587;
2922, 2922 0.3557881645766403;
2923, 2923 0.3890319443226482;
2924, 2924 0.2573961430837792;
2925, 2925 0.2573961430837792;
2926, 2926 0.29750392627374733;
2927, 2927 0.34550411760485367;
2928, 2928 0.3816098918182038;
2929, 2929 0.3746422506915823;
2930, 2930 0.392762900898459;
2931, 2931 0.35974234077664513;
2932, 2932 0.3810518427577192;
2933, 2933 0.40158804818355054;
2934, 2934 0.38825864776740526;
2935, 2935 0.35123607866897344;
2936, 2936 0.1460095506110639;
2937, 2937 0.1460095506110639;
2938, 2938 0.15680381386672204;
2939, 2939 0.24058292210432342;
2940, 2940 0.28326570310195565;
2941, 2941 0.3456555880641279;
2942, 2942 0.3570318167685773;
2943, 2943 0.34668399276130657;
2944, 2944 0.36425456603713435;
2945, 2945 0.35503081228026834;
2946, 2946 0.37824565319642534;
2947, 2947 0.39462837918636473;
2948, 2948 0.15531302566228478;
2949, 2949 0.15531302566228478;
2950, 2950 0.14179229413968786;
2951, 2951 0.1533199933034115;
2952, 2952 0.21598890279582594;
2953, 2953 0.2911740555019653;
2954, 2954 0.3268971675024117;
2955, 2955 0.38364278482425473;
2956, 2956 0.3993399076827413;
2957, 2957 0.384392164991191;
2958, 2958 0.40424276728556974;
2959, 2959 0.4495882395146571;
2960, 2960 0.21315879684622563;
2961, 2961 0.21315879684622563;
2962, 2962 0.19074116887361803;
2963, 2963 0.15271411146631397;
2964, 2964 0.15868523641349852;
2965, 2965 0.15164584612195786;
2966, 2966 0.17950843849900755;
2967, 2967 0.2378723980962556;
2968, 2968 0.2728620741886367;
2969, 2969 0.356800625014948;
2970, 2970 0.3875730446359529;
2971, 2971 0.41195181644969203;
2972, 2972 0.2603617752337828;
2973, 2973 0.2603617752337828;
2974, 2974 0.32381992554031114;
2975, 2975 0.34228337731291414;
2976, 2976 0.3190446200084507;
2977, 2977 0.3521767899423618;
2978, 2978 0.3728485215685964;
2979, 2979 0.39682868691056083;
2980, 2980 0.39092133899886017;
2981, 2981 0.392762900898459;
2982, 2982 0.3986622766807244;
2983, 2983 0.3674753063290739;
2984, 2984 0.1857187273292571;
2985, 2985 0.1857187273292571;
2986, 2986 0.1869623795211941;
2987, 2987 0.18636446981353205;
2988, 2988 0.19490262043894568;
2989, 2989 0.1833988376635285;
2990, 2990 0.1797077417348949;
2991, 2991 0.222693463651076;
2992, 2992 0.3017610433923008;
2993, 2993 0.3379465389000056;
2994, 2994 0.3523202882722005;
2995, 2995 0.400352368121049;
2996, 2996 0.1722378564538376;
2997, 2997 0.1722378564538376;
2998, 2998 0.166800864178831;
2999, 2999 0.19470331720305833;
3000, 3000 0.18355828025223841;
3001, 3001 0.1995902325470158;
3002, 3002 0.23796009152004616;
3003, 3003 0.2865263040410726;
3004, 3004 0.33384089224072655;
3005, 3005 0.3617353731355184;
3006, 3006 0.4136737964077586;
3007, 3007 0.4564761593469233;
3008, 3008 0.2488579924583656;
3009, 3009 0.2488579924583656;
3010, 3010 0.2230920701228507;
3011, 3011 0.19164999162926422;
3012, 3012 0.1345615727416951;
3013, 3013 0.1393847110501687;
3014, 3014 0.10116632253641278;
3015, 3015 0.15800760541148162;
3016, 3016 0.19146663265224784;
3017, 3017 0.2911102784664812;
3018, 3018 0.35106866395082803;
3019, 3019 0.36975533534762484;
3020, 3020 0.17395186428246867;
3021, 3021 0.17395186428246867;
3022, 3022 0.188381418560712;
3023, 3023 0.19736600843451302;
3024, 3024 0.19202468171273246;
3025, 3025 0.25580171719668043;
3026, 3026 0.31984980508143535;
3027, 3027 0.3532849159338953;
3028, 3028 0.38306081937546366;
3029, 3029 0.41641620893356834;
3030, 3030 0.419461562377927;
3031, 3031 0.42144662260736476;
3032, 3032 0.34399738514154543;
3033, 3033 0.34399738514154543;
3034, 3034 0.34399738514154543;
3035, 3035 0.3718121447419822;
3036, 3036 0.3930977303347498;
3037, 3037 0.40496823106419977;
3038, 3038 0.4220365601855913;
3039, 3039 0.45600580371022925;
3040, 3040 0.447523457990864;
3041, 3041 0.4626545596594309;
3042, 3042 0.39847094557427254;
3043, 3043 0.2690753127067773;
3044, 3044 0.25244545070433766;
3045, 3045 0.25244545070433766;
3046, 3046 0.31334454746207285;
3047, 3047 0.3255020448512005;
3048, 3048 0.3497054298173585;
3049, 3049 0.39257156979200736;
3050, 3050 0.4077265878488805;
3051, 3051 0.4031984183295203;
3052, 3052 0.43584428836786593;
3053, 3053 0.42667633951704853;
3054, 3054 0.4583496097642643;
3055, 3055 0.4707143825187148;
3056, 3056 0.2998875929749596;
3057, 3057 0.2998875929749596;
3058, 3058 0.3264427561245886;
3059, 3059 0.35479164839720356;
3060, 3060 0.38412908471981977;
3061, 3061 0.4151645846121961;
3062, 3062 0.41596179755574525;
3063, 3063 0.36934078461697917;
3064, 3064 0.4192223984948622;
3065, 3065 0.46128335339652593;
3066, 3066 0.4342418903513321;
3067, 3067 0.37433133764359816;
3068, 3068 0.2532665800361935;
3069, 3069 0.2532665800361935;
3070, 3070 0.31832712835925614;
3071, 3071 0.312523418130217;
3072, 3072 0.33098686990282;
3073, 3073 0.3772650812758598;
3074, 3074 0.38447188628554585;
3075, 3075 0.3982158374323368;
3076, 3076 0.40351730350693993;
3077, 3077 0.44608847469247537;
3078, 3078 0.43850697959932106;
3079, 3079 0.4150928354472767;
3080, 3080 0.21258480352687026;
3081, 3081 0.21258480352687026;
3082, 3082 0.28501957157776436;
3083, 3083 0.3027097267951244;
3084, 3084 0.36764272104721907;
3085, 3085 0.39167071916579665;
3086, 3086 0.37563876687101905;
3087, 3087 0.38876886405127675;
3088, 3088 0.39025168012627875;
3089, 3089 0.4105726380573518;
3090, 3090 0.37610115037827785;
3091, 3091 0.40295128231702004;
3092, 3092 0.13716845906710162;
3093, 3093 0.13716845906710162;
3094, 3094 0.15131101668566704;
3095, 3095 0.1648158039493932;
3096, 3096 0.17437438714254982;
3097, 3097 0.22058882148010572;
3098, 3098 0.27900858598340217;
3099, 3099 0.32931272272136636;
3100, 3100 0.34192463148831687;
3101, 3101 0.3857314827363538;
3102, 3102 0.3748176375391632;
3103, 3103 0.36318630069277824;
3104, 3104 0.15125521177961865;
3105, 3105 0.15125521177961865;
3106, 3106 0.16347648620423016;
3107, 3107 0.21220214131396653;
3108, 3108 0.21421909006114648;
3109, 3109 0.25014947742691573;
3110, 3110 0.28513915351929664;
3111, 3111 0.3148273635370744;
3112, 3112 0.3645654790851187;
3113, 3113 0.38198458190167184;
3114, 3114 0.4090260449468659;
3115, 3115 0.4229613272001087;
3116, 3116 0.12539362389087771;
3117, 3117 0.12539362389087771;
3118, 3118 0.11479866387110671;
3119, 3119 0.14932595645622926;
3120, 3120 0.1475401994626786;
3121, 3121 0.14649585050662894;
3122, 3122 0.1603434393360812;
3123, 3123 0.17600070154739056;
3124, 3124 0.209850363130496;
3125, 3125 0.2547095354640181;
3126, 3126 0.27188150226807095;
3127, 3127 0.3230625732439394;
3128, 3128 0.13227357159370845;
3129, 3129 0.13227357159370845;
3130, 3130 0.09522708610697017;
3131, 3131 0.09974728349689488;
3132, 3132 0.11143442524932845;
3133, 3133 0.10007414080375021;
3134, 3134 0.10459433819367514;
3135, 3135 0.12059440197071059;
3136, 3136 0.1922957341135394;
3137, 3137 0.2388370257579504;
3138, 3138 0.278211373039853;
3139, 3139 0.28701260393663763;
3140, 3140 0.12057048558240413;
3141, 3141 0.12057048558240413;
3142, 3142 0.10972041742069738;
3143, 3143 0.11522915886062335;
3144, 3144 0.16164289643406682;
3145, 3145 0.18609341741272512;
3146, 3146 0.2291588606232613;
3147, 3147 0.27692786020073834;
3148, 3148 0.30490206238988504;
3149, 3149 0.3196584739749837;
3150, 3150 0.30961359088626184;
3151, 3151 0.33333067595685506;
3152, 3152 0.05604406993151967;
3153, 3153 0.05604406993151967;
3154, 3154 0.0711990879883928;
3155, 3155 0.06897486387589002;
3156, 3156 0.13806133756387684;
3157, 3157 0.19753342315265843;
3158, 3158 0.21614834538453587;
3159, 3159 0.2625700550874146;
3160, 3160 0.2878895381745419;
3161, 3161 0.2929199518483385;
3162, 3162 0.3163739566475603;
3163, 3163 0.36014094724841983;
3164, 3164 0.08719117963599277;
3165, 3165 0.08719117963599277;
3166, 3166 0.09552205489608334;
3167, 3167 0.13605236094613238;
3168, 3168 0.14832146814735703;
3169, 3169 0.18708993359216186;
3170, 3170 0.1826016247199791;
3171, 3171 0.24336519527731082;
3172, 3172 0.2572526447539403;
3173, 3173 0.26933042084871306;
3174, 3174 0.2708371533120215;
3175, 3175 0.30728572909109775;
3176, 3176 0.12159091815014733;
3177, 3177 0.12159091815014733;
3178, 3178 0.15940272806269307;
3179, 3179 0.23630188859746348;
3180, 3180 0.27374698055597646;
3181, 3181 0.23111203233495714;
3182, 3182 0.26153367826080043;
3183, 3183 0.2878337332684935;
3184, 3184 0.3225922176072451;
3185, 3185 0.3215239522628892;
3186, 3186 0.32008896896450034;
3187, 3187 0.31045863660642414;
3188, 3188 0.15762494319857812;
3189, 3189 0.15762494319857812;
3190, 3190 0.19688768066838347;
3191, 3191 0.21887481365147465;
3192, 3192 0.2307532865103601;
3193, 3193 0.2724315791991201;
3194, 3194 0.28191044109792185;
3195, 3195 0.3055159163564183;
3196, 3196 0.32111737366167903;
