0, 0 0.065506;
1, 1 0.081694;
2, 2 0.002484;
3, 3 0.061627;
4, 4 -0.064096;
5, 5 -0.043259;
6, 6 -0.087304;
7, 7 -0.083393;
8, 8 -0.079034;
9, 9 -0.045087;
10, 10 -0.087176;
11, 11 -0.050184;
12, 12 -0.044349;
13, 13 -0.085958;
14, 14 -0.055312;
15, 15 -0.006267;
16, 16 0.070795;
17, 17 0.034572;
18, 18 0.090895;
19, 19 0.164046;
20, 20 0.172381;
21, 21 0.240756;
22, 22 0.336667;
23, 23 0.224151;
24, 24 0.320479;
25, 25 0.243673;
26, 26 0.2388;
27, 27 0.228543;
28, 28 -0.462839;
29, 29 0.251463;
30, 30 0.251463;
31, 31 0.251463;
32, 32 0.251463;
33, 33 0.251463;
34, 34 0.244699;
35, 35 0.162892;
36, 36 0.145678;
37, 37 0.096857;
38, 38 0.08022;
39, 39 0.111026;
40, 40 0.101601;
41, 41 0.090093;
42, 42 0.086567;
43, 43 0.069866;
44, 44 0.040823;
45, 45 0.042041;
46, 46 0.075412;
47, 47 0.055216;
48, 48 0.025853;
49, 49 0.040727;
50, 50 0.082207;
51, 51 0.067462;
52, 52 0.114456;
53, 53 0.131702;
54, 54 0.133881;
55, 55 0.189434;
56, 56 0.191935;
57, 57 0.262041;
58, 58 0.280954;
59, 59 0.302752;
60, 60 0.270087;
61, 61 0.283454;
62, 62 0.104166;
63, 63 0.193858;
64, 64 0.150134;
65, 65 0.008863;
66, 66 -0.009953;
67, 67 -0.074706;
68, 68 0.402157;
69, 69 0.402157;
70, 70 0.352567;
71, 71 0.328429;
72, 72 0.360677;
73, 73 0.249347;
74, 74 0.131029;
75, 75 0.149172;
76, 76 0.066628;
77, 77 0.010338;
78, 78 0.101345;
79, 79 0.121604;
80, 80 0.096857;
81, 81 1.;
82, 82 0.162315;
83, 83 0.216041;
84, 84 0.1217;
85, 85 0.180523;
86, 86 0.255822;
87, 87 0.30288;
88, 88 0.279768;
89, 89 0.316055;
90, 90 0.340225;
91, 91 0.383405;
92, 92 0.228254;
93, 93 0.228254;
94, 94 0.176997;
95, 95 0.241621;
96, 96 0.150583;
97, 97 0.104005;
98, 98 0.178439;
99, 99 0.102627;
100, 100 0.144909;
101, 101 0.130259;
102, 102 0.108237;
103, 103 0.14882;
104, 104 0.162475;
105, 105 0.151256;
106, 106 0.183857;
107, 107 0.158436;
108, 108 0.230786;
109, 109 0.160199;
110, 110 0.190108;
111, 111 0.255662;
112, 112 0.283999;
113, 113 0.342982;
114, 114 0.254893;
115, 115 0.378789;
116, 116 0.150102;
117, 117 0.150102;
118, 118 0.144524;
119, 119 0.145486;
120, 120 0.176259;
121, 121 0.135837;
122, 122 0.151031;
123, 123 0.128272;
124, 124 0.153083;
125, 125 0.11904;
126, 126 0.179625;
127, 127 0.179401;
128, 128 0.207546;
129, 129 0.114648;
130, 130 0.178535;
131, 131 0.222869;
132, 132 0.24566;
133, 133 0.168919;
134, 134 0.206039;
135, 135 0.216618;
136, 136 0.255213;
137, 137 0.29929;
138, 138 0.296533;
139, 139 0.312818;
140, 140 0.338623;
141, 141 0.346124;
142, 142 0.305893;
143, 143 0.325704;
144, 144 0.361671;
145, 145 0.347021;
146, 146 0.281499;
147, 147 0.298905;
148, 148 0.375038;
149, 149 0.288808;
150, 150 0.301181;
151, 151 0.25252;
152, 152 0.318139;
153, 153 0.26467;
154, 154 0.255117;
155, 155 0.195076;
156, 156 0.144973;
157, 157 0.05839;
158, 158 -0.010017;
159, 159 0.077527;
160, 160 -0.125483;
161, 161 -0.16613;
162, 162 -0.087657;
163, 163 -0.116443;
164, 164 0.201391;
165, 165 0.201391;
166, 166 0.229697;
167, 167 -0.144171;
168, 168 -0.638281;
169, 169 -0.761408;
170, 170 -0.638217;
171, 171 -0.029572;
172, 172 0.138337;
173, 173 0.186389;
174, 174 0.157763;
175, 175 0.161642;
176, 176 0.169752;
177, 177 0.520892;
178, 178 0.246782;
179, 179 0.216906;
180, 180 0.086823;
181, 181 0.190075;
182, 182 0.183889;
183, 183 0.234761;
184, 184 0.201487;
185, 185 0.274286;
186, 186 0.230819;
187, 187 0.268356;
188, 188 0.184177;
189, 189 0.184177;
190, 190 0.114135;
191, 191 0.142601;
192, 192 0.18905;
193, 193 0.204437;
194, 194 0.1836;
195, 195 0.198795;
196, 196 0.20277;
197, 197 0.153884;
198, 198 0.174817;
199, 199 0.14914;
200, 200 0.209598;
201, 201 0.217355;
202, 202 0.286468;
203, 203 0.328717;
204, 204 0.339328;
205, 205 0.305637;
206, 206 0.359587;
207, 207 0.370134;
208, 208 0.301374;
209, 209 0.337469;
210, 210 0.28541;
211, 211 0.351573;
212, 212 0.542562;
213, 213 0.542562;
214, 214 0.484381;
215, 215 0.427001;
216, 216 0.37943;
217, 217 0.350419;
218, 218 0.282268;
219, 219 0.218413;
220, 220 0.252777;
221, 221 0.27153;
222, 222 0.170746;
223, 223 0.19357;
224, 224 0.153051;
225, 225 0.124425;
226, 226 0.216393;
227, 227 0.188088;
228, 228 0.183312;
229, 229 0.12263;
230, 230 0.193473;
231, 231 0.118366;
232, 232 0.151256;
233, 233 0.218894;
234, 234 0.186197;
235, 235 0.234954;
236, 236 0.314805;
237, 237 0.251879;
238, 238 0.277748;
239, 239 0.279544;
240, 240 0.318588;
241, 241 0.354907;
242, 242 0.387155;
243, 243 0.323749;
244, 244 0.328974;
245, 245 0.302111;
246, 246 0.337116;
247, 247 0.281467;
248, 248 0.286468;
249, 249 0.236108;
250, 250 0.239249;
251, 251 0.269254;
252, 252 0.215688;
253, 253 0.209854;
254, 254 0.161418;
255, 255 0.129169;
256, 256 0.070283;
257, 257 0.080797;
258, 258 0.024026;
259, 259 -0.056499;
260, 260 0.903544;
261, 261 0.903544;
262, 262 0.943517;
263, 263 0.85437;
264, 264 0.876521;
265, 265 0.876521;
266, 266 0.765607;
267, 267 0.747784;
268, 268 0.790034;
269, 269 0.732974;
270, 270 0.765896;
271, 271 0.673575;
272, 272 0.627703;
273, 273 0.57776;
274, 274 0.593595;
275, 275 0.565707;
276, 276 0.485407;
277, 277 0.451107;
278, 278 0.533234;
279, 279 0.381225;
280, 280 0.431232;
281, 281 0.453126;
282, 282 0.427001;
283, 283 0.362184;
284, 284 0.179561;
285, 285 0.179561;
286, 286 0.147441;
287, 287 0.230434;
288, 288 0.222997;
289, 289 0.08583;
290, 290 0.122149;
291, 291 0.086984;
292, 292 0.233351;
293, 293 0.200814;
294, 294 0.100255;
295, 295 0.193089;
296, 296 0.265215;
297, 297 0.207193;
298, 298 0.252424;
299, 299 0.264862;
300, 300 0.2547;
301, 301 0.265118;
302, 302 0.329583;
303, 303 0.265503;
304, 304 0.360485;
305, 305 0.345258;
306, 306 0.225946;
307, 307 -0.4036;
308, 308 -0.640301;
309, 309 -0.582344;
310, 310 -0.207322;
311, 311 0.328461;
312, 312 0.345002;
313, 313 0.368851;
314, 314 0.32253;
315, 315 0.266401;
316, 316 0.221683;
317, 317 0.256399;
318, 318 0.279544;
319, 319 0.308746;
320, 320 0.600487;
321, 321 0.600487;
322, 322 0.637095;
323, 323 0.527143;
324, 324 0.469859;
325, 325 0.492844;
326, 326 0.39206;
327, 327 0.363017;
328, 328 0.375936;
329, 329 0.34045;
330, 330 0.373147;
331, 331 0.297623;
332, 332 0.295668;
333, 333 0.277973;
334, 334 0.372217;
335, 335 0.269189;
336, 336 0.403504;
337, 337 0.247616;
338, 338 0.222869;
339, 339 0.249058;
340, 340 0.247808;
341, 341 0.208283;
342, 342 0.174336;
343, 343 0.20979;
344, 344 0.216682;
345, 345 0.177445;
346, 346 0.229761;
347, 347 0.182703;
348, 348 0.172797;
349, 349 0.168374;
350, 350 0.094869;
351, 351 0.143723;
352, 352 0.160167;
353, 353 0.148114;
354, 354 0.143306;
355, 355 0.113622;
356, 356 0.107884;
357, 357 0.089388;
358, 358 0.063647;
359, 359 0.174785;
360, 360 0.160937;
361, 361 0.159622;
362, 362 0.109679;
363, 363 0.203379;
364, 364 0.15132;
365, 365 0.155647;
366, 366 0.103236;
367, 367 0.078777;
368, 368 0.085605;
369, 369 0.157026;
370, 370 0.135997;
371, 371 0.107467;
372, 372 0.179946;
373, 373 0.108301;
374, 374 0.077399;
375, 375 0.077399;
376, 376 0.095382;
377, 377 0.110032;
378, 378 0.195685;
379, 379 0.229376;
380, 380 0.280217;
381, 381 0.280217;
382, 382 0.255918;
383, 383 0.218317;
384, 384 0.199596;
385, 385 0.1928;
386, 386 0.239987;
387, 387 0.216169;
388, 388 0.214919;
389, 389 0.27528;
390, 390 0.18001;
391, 391 0.102114;
392, 392 0.253162;
393, 393 0.170393;
394, 394 0.14446;
395, 395 0.150839;
396, 396 0.119713;
397, 397 0.1493;
398, 398 0.109198;
399, 399 0.144716;
400, 400 0.040182;
401, 401 0.093331;
402, 402 0.089516;
403, 403 0.064224;
404, 404 0.090221;
405, 405 0.149397;
406, 406 0.044061;
407, 407 0.092369;
408, 408 0.082079;
409, 409 0.095286;
410, 410 0.004792;
411, 411 0.157218;
412, 412 0.104518;
413, 413 0.110545;
414, 414 0.081021;
415, 415 0.059768;
416, 416 0.099229;
417, 417 0.102435;
418, 418 0.05762;
419, 419 0.082207;
420, 420 0.131509;
421, 421 0.09503;
422, 422 0.074963;
423, 423 0.105191;
424, 424 0.15491;
425, 425 0.157988;
426, 426 0.081374;
427, 427 0.22242;
428, 428 0.231396;
429, 429 0.24082;
430, 430 0.20636;
431, 431 0.187511;
432, 432 0.180138;
433, 433 0.155455;
434, 434 0.229055;
435, 435 0.324358;
436, 436 0.180619;
437, 437 0.182062;
438, 438 0.216329;
439, 439 0.315638;
440, 440 0.250693;
441, 441 0.275761;
442, 442 0.28791;
443, 443 0.367569;
444, 444 0.229344;
445, 445 0.266657;
446, 446 -0.141671;
447, 447 -0.694026;
448, 448 -0.712266;
449, 449 -0.585485;
450, 450 0.064929;
451, 451 0.145293;
452, 452 0.200462;
453, 453 0.200462;
454, 454 0.183248;
455, 455 0.178247;
456, 456 0.187511;
457, 457 0.245244;
458, 458 0.211553;
459, 459 0.194692;
460, 460 0.267747;
461, 461 0.309516;
462, 462 0.273485;
463, 463 0.182382;
464, 464 0.188088;
465, 465 0.220016;
466, 466 0.212931;
467, 467 0.210816;
468, 468 0.116058;
469, 469 0.166322;
470, 470 0.142505;
471, 471 0.162796;
472, 472 0.174689;
473, 473 0.230562;
474, 474 0.158052;
475, 475 0.189787;
476, 476 0.272299;
477, 477 0.272299;
478, 478 0.272299;
479, 479 0.24909;
480, 480 0.226812;
481, 481 0.16536;
482, 482 0.152923;
483, 483 0.159013;
484, 484 0.165809;
485, 485 0.221651;
486, 486 0.184305;
487, 487 0.245083;
488, 488 0.180651;
489, 489 0.231748;
490, 490 0.212803;
491, 491 0.170457;
492, 492 0.205911;
493, 493 0.247007;
494, 494 0.236524;
495, 495 0.171483;
496, 496 0.21649;
497, 497 0.121732;
498, 498 0.217515;
499, 499 0.238672;
500, 500 0.184209;
501, 501 0.212931;
502, 502 0.166002;
503, 503 0.195974;
504, 504 0.203315;
505, 505 0.111731;
506, 506 0.143242;
507, 507 0.145133;
508, 508 0.130708;
509, 509 0.145935;
510, 510 0.19357;
511, 511 0.191326;
512, 512 0.274286;
513, 513 0.232261;
514, 514 0.221779;
515, 515 0.203667;
516, 516 0.234473;
517, 517 0.231235;
518, 518 0.307945;
519, 519 0.323364;
520, 520 0.189498;
521, 521 0.299322;
522, 522 0.243801;
523, 523 0.224824;
524, 524 0.259797;
525, 525 0.227934;
526, 526 0.18142;
527, 527 0.217163;
528, 528 0.240531;
529, 529 0.242968;
530, 530 0.295443;
531, 531 0.204565;
532, 532 0.269702;
533, 533 0.254091;
534, 534 0.258547;
535, 535 0.230594;
536, 536 0.217483;
537, 537 0.249732;
538, 538 0.251623;
539, 539 0.238448;
540, 540 0.269382;
541, 541 0.254957;
542, 542 0.198827;
543, 543 0.203892;
544, 544 0.258932;
545, 545 0.263291;
546, 546 0.251815;
547, 547 0.352599;
548, 548 0.312721;
549, 549 0.243769;
550, 550 0.221939;
551, 551 0.253899;
552, 552 0.232037;
553, 553 0.254476;
554, 554 0.314068;
555, 555 0.299835;
556, 556 0.346188;
557, 557 0.327852;
558, 558 0.303361;
559, 559 0.32798;
560, 560 0.289;
561, 561 0.333397;
562, 562 0.315703;
563, 563 0.235403;
564, 564 0.376192;
565, 565 0.298649;
566, 566 0.456877;
567, 567 0.303265;
568, 568 0.317305;
569, 569 0.380488;
570, 570 0.323075;
571, 571 0.305893;
572, 572 0.087689;
573, 573 0.087689;
574, 574 0.087689;
575, 575 0.17876;
576, 576 0.129971;
577, 577 0.101537;
578, 578 0.076566;
579, 579 0.085285;
580, 580 0.163758;
581, 581 0.110609;
582, 582 0.130548;
583, 583 0.083201;
584, 584 0.165489;
585, 585 0.057332;
586, 586 -0.649276;
587, 587 -0.78795;
588, 588 -0.760382;
589, 589 -0.270247;
590, 590 0.20963;
591, 591 0.196294;
592, 592 0.144492;
593, 593 0.144652;
594, 594 0.191486;
595, 595 0.223638;
596, 596 0.218317;
597, 597 0.236428;
598, 598 0.128881;
599, 599 0.128881;
600, 600 0.128881;
601, 601 0.128881;
602, 602 0.107724;
603, 603 0.176516;
604, 604 0.159526;
605, 605 0.205911;
606, 606 0.22944;
607, 607 0.239057;
608, 608 0.270055;
609, 609 0.237198;
610, 610 0.18578;
611, 611 0.258771;
612, 612 0.220721;
613, 613 0.283294;
614, 614 0.184466;
615, 615 0.225914;
616, 616 0.186261;
617, 617 0.279319;
618, 618 0.246718;
619, 619 0.260663;
620, 620 0.186485;
621, 621 0.245212;
622, 622 0.179176;
623, 623 0.27544;
624, 624 0.248642;
625, 625 0.280056;
626, 626 0.365934;
627, 627 0.293873;
628, 628 0.312337;
629, 629 0.342277;
630, 630 0.298617;
631, 631 0.38786;
632, 632 0.350515;
633, 633 0.428924;
634, 634 0.404433;
635, 635 0.519931;
636, 636 0.451171;
637, 637 0.633505;
638, 638 0.663477;
639, 639 0.579138;
640, 640 0.558013;
641, 641 0.685339;
642, 642 0.610553;
643, 643 0.683929;
644, 644 0.257585;
645, 645 0.257585;
646, 646 0.158885;
647, 647 0.202417;
648, 648 0.142889;
649, 649 0.205302;
650, 650 0.165969;
651, 651 0.143049;
652, 652 0.127214;
653, 653 0.076341;
654, 654 0.053934;
655, 655 0.060473;
656, 656 0.020019;
657, 657 0.106185;
658, 658 0.097626;
659, 659 0.094196;
660, 660 0.120033;
661, 661 0.211329;
662, 662 0.216361;
663, 663 0.224215;
664, 664 0.144588;
665, 665 0.193473;
666, 666 0.27153;
667, 667 0.307208;
668, 668 0.144492;
669, 669 0.144492;
670, 670 0.144492;
671, 671 0.135068;
672, 672 0.040214;
673, 673 0.078008;
674, 674 0.009248;
675, 675 0.050023;
676, 676 0.038675;
677, 677 -0.012486;
678, 678 0.079611;
679, 679 0.028033;
680, 680 0.1351;
681, 681 0.038836;
682, 682 0.063455;
683, 683 0.106826;
684, 684 0.094164;
685, 685 0.151801;
686, 686 0.089965;
687, 687 0.198025;
688, 688 0.190877;
689, 689 0.239281;
690, 690 0.158885;
691, 691 0.195653;
692, 692 0.189979;
693, 693 0.192896;
694, 694 0.165553;
695, 695 0.214823;
696, 696 0.337469;
697, 697 0.296693;
698, 698 0.338783;
699, 699 0.251142;
700, 700 0.314901;
701, 701 0.365998;
702, 702 0.246269;
703, 703 0.378789;
704, 704 0.450049;
705, 705 0.344232;
706, 706 0.439951;
707, 707 0.440144;
708, 708 0.521886;
709, 709 0.534452;
710, 710 0.575964;
711, 711 0.629338;
712, 712 0.583209;
713, 713 0.62501;
714, 714 0.681172;
715, 715 0.619625;
716, 716 0.111026;
717, 717 0.111026;
718, 718 0.10205;
719, 719 0.088426;
720, 720 0.075315;
721, 721 0.020019;
722, 722 0.153756;
723, 723 0.075476;
724, 724 0.109423;
725, 725 -0.352631;
726, 726 -0.687231;
727, 727 -0.781603;
728, 728 -0.543364;
729, 729 0.125355;
730, 730 0.235563;
731, 731 0.249603;
732, 732 0.21806;
733, 733 0.264573;
734, 734 0.240948;
735, 735 0.282941;
736, 736 0.271081;
737, 737 0.21992;
738, 738 0.279223;
739, 739 0.312625;
740, 740 0.366062;
741, 741 0.360741;
742, 742 0.356093;
743, 743 0.427834;
744, 744 0.452068;
745, 745 0.396227;
746, 746 0.490856;
747, 747 0.551538;
748, 748 0.549839;
749, 749 0.565258;
750, 750 0.634755;
751, 751 0.54596;
752, 752 0.05637;
753, 753 0.05637;
754, 754 0.076053;
755, 755 0.074033;
756, 756 0.11109;
757, 757 0.105929;
758, 758 0.173695;
759, 759 0.135292;
760, 760 0.220945;
761, 761 0.223574;
762, 762 0.246686;
763, 763 0.260695;
764, 764 0.167989;
765, 765 0.167989;
766, 766 0.163341;
767, 767 0.189915;
768, 768 0.179593;
769, 769 0.109391;
770, 770 0.133721;
771, 771 0.112821;
772, 772 0.151128;
773, 773 0.041689;
774, 774 0.038387;
775, 775 0.058005;
776, 776 0.128592;
777, 777 0.047234;
778, 778 0.016685;
779, 779 0.011781;
780, 780 0.085028;
781, 781 0.089773;
782, 782 0.074386;
783, 783 0.124265;
784, 784 0.110994;
785, 785 0.17081;
786, 786 0.199372;
787, 787 0.099582;
788, 788 0.150775;
789, 789 0.170265;
790, 790 0.178343;
791, 791 0.174785;
792, 792 0.274318;
793, 793 0.229536;
794, 794 0.205078;
795, 795 0.264798;
796, 796 0.197;
797, 797 0.200782;
798, 798 0.234281;
799, 799 0.275921;
800, 800 0.315606;
801, 801 0.325448;
802, 802 0.352535;
803, 803 0.384911;
804, 804 0.409049;
805, 805 0.450145;
806, 806 0.421615;
807, 807 0.460788;
808, 808 0.450562;
809, 809 0.416935;
810, 810 0.470276;
811, 811 0.459858;
812, 812 0.128304;
813, 813 0.128304;
814, 814 0.061884;
815, 815 0.0205;
816, 816 0.102531;
817, 817 0.135965;
818, 818 0.169624;
819, 819 0.179273;
820, 820 0.100896;
821, 821 0.225241;
822, 822 0.23178;
823, 823 0.183216;
824, 824 0.196903;
825, 825 0.167284;
826, 826 0.257585;
827, 827 0.226267;
828, 828 0.220304;
829, 829 0.29352;
830, 830 0.304996;
831, 831 0.32112;
832, 832 0.386258;
833, 833 0.418346;
834, 834 0.48983;
835, 835 0.427898;
836, 836 0.527945;
837, 837 0.570419;
838, 838 0.473482;
839, 839 0.491593;
840, 840 0.412896;
841, 841 0.398503;
842, 842 0.392252;
843, 843 0.31301;
844, 844 0.243609;
845, 845 0.243417;
846, 846 0.357439;
847, 847 0.455563;
848, 848 0.149044;
849, 849 0.149044;
850, 850 0.187832;
851, 851 0.198506;
852, 852 0.258323;
853, 853 0.181196;
854, 854 0.204533;
855, 855 0.180747;
856, 856 0.305092;
857, 857 0.302367;
858, 858 0.366287;
859, 859 0.364812;
860, 860 0.089388;
861, 861 0.089388;
862, 862 0.089388;
863, 863 0.067558;
864, 864 -0.141383;
865, 865 -0.701592;
866, 866 -0.834239;
867, 867 -0.750573;
868, 868 -0.187415;
869, 869 0.181356;
870, 870 0.288936;
871, 871 0.355003;
872, 872 0.3877;
873, 873 0.207931;
874, 874 0.265022;
875, 875 0.218189;
876, 876 0.255021;
877, 877 0.331154;
878, 878 0.264093;
879, 879 0.27996;
880, 880 0.307592;
881, 881 0.298553;
882, 882 0.359876;
883, 883 0.392765;
884, 884 0.083393;
885, 885 0.083393;
886, 886 0.059512;
887, 887 0.046561;
888, 888 0.058069;
889, 889 0.21649;
890, 890 0.13199;
891, 891 0.158436;
892, 892 0.115738;
893, 893 0.131093;
894, 894 0.133337;
895, 895 0.126797;
896, 896 0.142633;
897, 897 0.132407;
898, 898 0.18828;
899, 899 0.176548;
900, 900 0.202609;
901, 901 0.176868;
902, 902 0.22242;
903, 903 0.25813;
904, 904 0.138081;
905, 905 0.279031;
906, 906 0.266048;
907, 907 0.230209;
908, 908 0.056499;
909, 909 0.056499;
910, 910 0.021397;
911, 911 0.027905;
912, 912 0.061018;
913, 913 0.088522;
914, 914 0.160231;
915, 915 0.234249;
916, 916 0.160841;
917, 917 0.169143;
918, 918 0.125258;
919, 919 0.166194;
920, 920 0.174625;
921, 921 0.193794;
922, 922 0.1836;
923, 923 0.242647;
924, 924 0.211297;
925, 925 0.246462;
926, 926 0.309997;
927, 927 0.34997;
928, 928 0.248321;
929, 929 0.277716;
930, 930 0.243032;
931, 931 0.048453;
932, 932 0.048453;
933, 933 0.048453;
934, 934 0.11343;
935, 935 0.162091;
936, 936 0.167123;
937, 937 0.155295;
938, 938 0.070379;
939, 939 0.072911;
940, 940 0.114167;
941, 941 0.198218;
942, 942 0.132663;
943, 943 0.169335;
944, 944 0.175169;
945, 945 0.226267;
946, 946 0.206969;
947, 947 0.228959;
948, 948 0.293231;
949, 949 0.248193;
950, 950 0.285955;
951, 951 0.228446;
952, 952 0.268196;
953, 953 0.17222;
954, 954 0.115417;
955, 955 0.125226;
956, 956 0.104871;
957, 957 0.104871;
958, 958 0.104871;
959, 959 0.117148;
960, 960 0.181837;
961, 961 0.086278;
962, 962 0.18578;
963, 963 0.241878;
964, 964 0.192031;
965, 965 0.223221;
966, 966 0.206103;
967, 967 0.279896;
968, 968 0.090766;
969, 969 0.090766;
970, 970 0.106474;
971, 971 0.096023;
972, 972 0.091792;
973, 973 0.0255;
974, 974 0.103941;
975, 975 0.134394;
976, 976 0.10439;
977, 977 0.199756;
978, 978 0.186133;
979, 979 0.175169;
980, 980 0.186902;
981, 981 0.152025;
982, 982 0.253065;
983, 983 0.210399;
984, 984 0.275472;
985, 985 0.219471;
986, 986 0.250469;
987, 987 0.228735;
988, 988 0.161418;
989, 989 0.144716;
990, 990 0.137119;
991, 991 0.089035;
992, 992 0.041304;
993, 993 0.041304;
994, 994 0.024507;
995, 995 0.075091;
996, 996 0.074706;
997, 997 -0.014217;
998, 998 0.050119;
999, 999 0.048645;
1000, 1000 0.047843;
1001, 1001 -0.008319;
1002, 1002 0.030597;
1003, 1003 0.095799;
1004, 1004 -0.528297;
1005, 1005 -0.73291;
1006, 1006 -0.759356;
1007, 1007 -0.535157;
1008, 1008 0.127214;
1009, 1009 0.0941;
1010, 1010 0.147441;
1011, 1011 0.094196;
1012, 1012 0.133112;
1013, 1013 0.138626;
1014, 1014 0.191422;
1015, 1015 0.003767;
1016, 1016 0.003767;
1017, 1017 0.003767;
1018, 1018 0.029411;
1019, 1019 -0.025661;
1020, 1020 0.034252;
1021, 1021 0.086631;
1022, 1022 0.030501;
1023, 1023 0.037233;
1024, 1024 0.10891;
1025, 1025 0.099742;
1026, 1026 0.125258;
1027, 1027 0.124874;
1028, 1028 0.043869;
1029, 1029 0.098716;
1030, 1030 0.029796;
1031, 1031 0.087048;
1032, 1032 0.069802;
1033, 1033 0.084099;
1034, 1034 0.068135;
1035, 1035 0.180523;
1036, 1036 0.08724;
1037, 1037 0.128913;
1038, 1038 0.240692;
1039, 1039 0.23723;
1040, 1040 0.026687;
1041, 1041 0.026687;
1042, 1042 0.046946;
1043, 1043 0.079515;
1044, 1044 -0.04592;
1045, 1045 0.009537;
1046, 1046 -0.00101;
1047, 1047 0.024122;
1048, 1048 0.094068;
1049, 1049 0.06525;
1050, 1050 0.042907;
1051, 1051 0.02627;
1052, 1052 0.076822;
1053, 1053 0.076822;
1054, 1054 0.000529;
1055, 1055 0.066211;
1056, 1056 0.026654;
1057, 1057 0.082528;
1058, 1058 -0.000497;
1059, 1059 0.035951;
1060, 1060 0.000433;
1061, 1061 -0.026238;
1062, 1062 0.011556;
1063, 1063 0.015563;
1064, 1064 0.05528;
1065, 1065 0.107275;
1066, 1066 0.111859;
1067, 1067 0.069962;
1068, 1068 0.093427;
1069, 1069 0.069129;
1070, 1070 0.031687;
1071, 1071 0.0665;
1072, 1072 0.038547;
1073, 1073 0.028033;
1074, 1074 0.085028;
1075, 1075 0.110256;
1076, 1076 0.076149;
1077, 1077 0.054735;
1078, 1078 0.138658;
1079, 1079 0.108237;
1080, 1080 0.177029;
1081, 1081 0.16754;
1082, 1082 0.187415;
1083, 1083 0.092818;
1084, 1084 0.200205;
1085, 1085 0.250821;
1086, 1086 0.19357;
1087, 1087 0.151961;
1088, 1088 0.056434;
1089, 1089 0.056434;
1090, 1090 -0.024635;
1091, 1091 0.178567;
1092, 1092 -0.006876;
1093, 1093 0.040278;
1094, 1094 0.001875;
1095, 1095 0.067045;
1096, 1096 0.016461;
1097, 1097 0.057685;
1098, 1098 0.030213;
1099, 1099 0.09628;
1100, 1100 0.046305;
1101, 1101 0.116764;
1102, 1102 0.11;
1103, 1103 0.151384;
1104, 1104 0.133881;
1105, 1105 0.175041;
1106, 1106 0.151801;
1107, 1107 0.117052;
1108, 1108 0.059864;
1109, 1109 0.010979;
1110, 1110 0.02643;
1111, 1111 0.07772;
1112, 1112 0.032937;
1113, 1113 0.032937;
1114, 1114 -0.003574;
1115, 1115 0.001266;
1116, 1116 0.030117;
1117, 1117 0.165457;
1118, 1118 0.140838;
1119, 1119 0.163084;
1120, 1120 0.218381;
1121, 1121 0.094966;
1122, 1122 0.143851;
1123, 1123 -0.023802;
1124, 1124 0.031463;
1125, 1125 0.031463;
1126, 1126 -0.023257;
1127, 1127 0.014057;
1128, 1128 0.083233;
1129, 1129 0.033803;
1130, 1130 0.052011;
1131, 1131 0.151288;
1132, 1132 0.119168;
1133, 1133 0.185139;
1134, 1134 0.125387;
1135, 1135 0.108621;
1136, 1136 0.053453;
1137, 1137 0.053453;
1138, 1138 -0.033579;
1139, 1139 0.080573;
1140, 1140 0.138978;
1141, 1141 -0.004344;
1142, 1142 -0.001747;
1143, 1143 -0.197833;
1144, 1144 -0.827058;
1145, 1145 -1.;
1146, 1146 -0.833854;
1147, 1147 -0.266881;
1148, 1148 0.070154;
1149, 1149 0.070154;
1150, 1150 -0.010659;
1151, 1151 -0.000305;
1152, 1152 -0.026206;
1153, 1153 0.034284;
1154, 1154 0.037906;
1155, 1155 0.114327;
1156, 1156 0.145069;
1157, 1157 0.123656;
1158, 1158 0.202032;
1159, 1159 0.204116;
1160, 1160 0.082592;
1161, 1161 0.082592;
1162, 1162 0.032937;
1163, 1163 0.151224;
1164, 1164 0.137504;
1165, 1165 0.111122;
1166, 1166 0.147569;
1167, 1167 0.122886;
1168, 1168 0.11032;
1169, 1169 0.168662;
1170, 1170 0.155327;
1171, 1171 0.148403;
1172, 1172 0.086599;
1173, 1173 0.086599;
1174, 1174 0.073168;
1175, 1175 0.0966;
1176, 1176 0.116379;
1177, 1177 0.138978;
1178, 1178 0.148275;
1179, 1179 0.188889;
1180, 1180 0.164912;
1181, 1181 0.147313;
1182, 1182 0.175714;
1183, 1183 0.192544;
1184, 1184 0.110449;
1185, 1185 0.110449;
1186, 1186 0.045728;
1187, 1187 0.090318;
1188, 1188 0.096088;
1189, 1189 0.110545;
1190, 1190 0.183376;
1191, 1191 0.135356;
1192, 1192 0.203924;
1193, 1193 0.226395;
1194, 1194 0.135613;
1195, 1195 0.101537;
1196, 1196 0.020724;
1197, 1197 0.020724;
1198, 1198 0.067654;
1199, 1199 0.099453;
1200, 1200 0.095446;
1201, 1201 0.066372;
1202, 1202 0.124842;
1203, 1203 0.088362;
1204, 1204 0.120835;
1205, 1205 0.095927;
1206, 1206 0.136318;
1207, 1207 0.148531;
1208, 1208 0.06214;
1209, 1209 0.06214;
1210, 1210 0.104967;
1211, 1211 0.162956;
1212, 1212 0.096889;
1213, 1213 0.138978;
1214, 1214 0.106698;
1215, 1215 0.091343;
1216, 1216 0.100768;
1217, 1217 0.140581;
1218, 1218 0.13853;
1219, 1219 0.098716;
1220, 1220 0.070795;
1221, 1221 0.070795;
1222, 1222 0.108301;
1223, 1223 0.100832;
1224, 1224 0.190364;
1225, 1225 0.126252;
1226, 1226 0.105993;
1227, 1227 0.041593;
1228, 1228 0.155647;
1229, 1229 0.107211;
1230, 1230 0.057941;
1231, 1231 0.145806;
1232, 1232 0.040214;
1233, 1233 0.040214;
1234, 1234 0.149877;
1235, 1235 0.174592;
1236, 1236 0.159558;
1237, 1237 0.090125;
1238, 1238 0.108974;
1239, 1239 0.093042;
1240, 1240 0.106185;
1241, 1241 0.098716;
1242, 1242 0.115353;
1243, 1243 0.202385;
1244, 1244 0.016012;
1245, 1245 0.016012;
1246, 1246 0.103621;
1247, 1247 0.148339;
1248, 1248 0.17799;
1249, 1249 0.090157;
1250, 1250 0.131477;
1251, 1251 0.0966;
1252, 1252 0.171387;
1253, 1253 0.235819;
1254, 1254 0.107916;
1255, 1255 0.095671;
1256, 1256 0.083233;
1257, 1257 0.083233;
1258, 1258 0.13183;
1259, 1259 0.059223;
1260, 1260 0.116411;
1261, 1261 0.031463;
1262, 1262 0.023834;
1263, 1263 0.061756;
1264, 1264 0.047715;
1265, 1265 0.135965;
1266, 1266 0.161418;
1267, 1267 0.073136;
1268, 1268 0.034701;
1269, 1269 0.034701;
1270, 1270 0.05153;
1271, 1271 0.082336;
1272, 1272 0.108461;
1273, 1273 0.070379;
1274, 1274 0.056434;
1275, 1275 0.12981;
1276, 1276 0.075412;
1277, 1277 0.053774;
1278, 1278 0.071052;
1279, 1279 0.099934;
1280, 1280 0.011684;
1281, 1281 0.011684;
1282, 1282 0.035374;
1283, 1283 -0.656072;
1284, 1284 -0.88633;
1285, 1285 -0.781731;
1286, 1286 -0.541985;
1287, 1287 0.142857;
1288, 1288 0.134458;
1289, 1289 0.072783;
1290, 1290 0.105833;
1291, 1291 0.053549;
1292, 1292 0.107147;
1293, 1293 0.081951;
1294, 1294 0.116635;
1295, 1295 0.153307;
1296, 1296 0.120995;
1297, 1297 0.097626;
1298, 1298 0.088939;
1299, 1299 0.106249;
1300, 1300 0.060922;
1301, 1301 0.015531;
1302, 1302 0.133048;
1303, 1303 0.213156;
1304, 1304 0.085701;
1305, 1305 0.085701;
1306, 1306 0.068487;
1307, 1307 0.092016;
1308, 1308 0.095799;
1309, 1309 0.036624;
1310, 1310 0.192993;
1311, 1311 0.021173;
1312, 1312 0.112949;
1313, 1313 0.071116;
1314, 1314 0.033995;
1315, 1315 -0.0046;
1316, 1316 0.149653;
1317, 1317 0.149653;
1318, 1318 0.146672;
1319, 1319 0.11952;
1320, 1320 0.092337;
1321, 1321 0.12295;
1322, 1322 0.10673;
1323, 1323 0.104839;
1324, 1324 0.045311;
1325, 1325 0.088106;
1326, 1326 0.063391;
1327, 1327 0.124521;
1328, 1328 0.119745;
1329, 1329 0.119745;
1330, 1330 0.191294;
1331, 1331 0.194403;
1332, 1332 0.11561;
1333, 1333 0.121796;
1334, 1334 0.106602;
1335, 1335 0.071725;
1336, 1336 0.096633;
1337, 1337 0.013832;
1338, 1338 0.094164;
1339, 1339 0.140934;
1340, 1340 0.201135;
1341, 1341 0.201135;
1342, 1342 0.154686;
1343, 1343 0.137055;
1344, 1344 0.139042;
1345, 1345 0.109487;
1346, 1346 0.069097;
1347, 1347 0.069898;
1348, 1348 0.073039;
1349, 1349 0.166611;
1350, 1350 0.115706;
1351, 1351 0.0665;
1352, 1352 0.058903;
1353, 1353 0.151288;
1354, 1354 0.122149;
1355, 1355 0.122149;
1356, 1356 0.111154;
1357, 1357 0.119552;
1358, 1358 0.13901;
1359, 1359 0.053133;
1360, 1360 0.071533;
1361, 1361 0.009697;
1362, 1362 -0.030565;
1363, 1363 0.001138;
1364, 1364 0.189402;
1365, 1365 0.189402;
1366, 1366 0.133593;
1367, 1367 0.112628;
1368, 1368 0.143242;
1369, 1369 0.139395;
1370, 1370 0.089067;
1371, 1371 0.065442;
1372, 1372 0.013832;
1373, 1373 0.040855;
1374, 1374 0.103396;
1375, 1375 0.112308;
1376, 1376 0.058839;
1377, 1377 0.058839;
1378, 1378 0.125835;
1379, 1379 0.186934;
1380, 1380 0.159206;
1381, 1381 0.199788;
1382, 1382 0.142184;
1383, 1383 0.152538;
1384, 1384 0.158661;
1385, 1385 0.214919;
1386, 1386 0.054447;
1387, 1387 0.080284;
1388, 1388 0.054158;
1389, 1389 0.146191;
1390, 1390 0.096408;
1391, 1391 0.052075;
1392, 1392 0.153756;
1393, 1393 0.132375;
1394, 1394 0.183376;
1395, 1395 0.11577;
1396, 1396 0.125835;
1397, 1397 0.12747;
1398, 1398 0.042682;
1399, 1399 -0.039156;
1400, 1400 0.09862;
1401, 1401 0.09862;
1402, 1402 0.116635;
1403, 1403 0.161546;
1404, 1404 0.128079;
1405, 1405 0.121444;
1406, 1406 0.072014;
1407, 1407 0.197577;
1408, 1408 0.09769;
1409, 1409 0.085189;
1410, 1410 0.097081;
1411, 1411 0.07336;
1412, 1412 0.088362;
1413, 1413 0.091504;
1414, 1414 0.089612;
1415, 1415 0.051273;
1416, 1416 0.105929;
1417, 1417 0.091183;
1418, 1418 0.112436;
1419, 1419 0.241846;
1420, 1420 -0.027135;
1421, 1421 0.023353;
1422, 1422 -0.165296;
1423, 1423 -0.616291;
1424, 1424 -0.616291;
1425, 1425 -0.616291;
1426, 1426 -0.116667;
1427, 1427 0.088009;
1428, 1428 0.142184;
1429, 1429 0.090766;
1430, 1430 0.114424;
1431, 1431 0.09083;
1432, 1432 0.031303;
1433, 1433 0.115257;
1434, 1434 0.099774;
1435, 1435 0.141703;
1436, 1436 0.13619;
1437, 1437 0.13619;
1438, 1438 0.145518;
1439, 1439 0.153948;
1440, 1440 0.031559;
1441, 1441 0.040278;
1442, 1442 0.054479;
1443, 1443 0.133112;
1444, 1444 0.06634;
1445, 1445 0.026302;
1446, 1446 0.025308;
1447, 1447 0.192672;
1448, 1448 0.126348;
1449, 1449 0.126348;
1450, 1450 0.230081;
1451, 1451 0.218156;
1452, 1452 0.096761;
1453, 1453 0.126957;
1454, 1454 0.056787;
1455, 1455 0.130996;
1456, 1456 0.11141;
1457, 1457 0.092016;
1458, 1458 0.095222;
1459, 1459 0.013928;
1460, 1460 0.070667;
1461, 1461 0.022455;
1462, 1462 0.087304;
1463, 1463 0.050761;
1464, 1464 0.484253;
1465, 1465 0.054768;
1466, 1466 0.094773;
1467, 1467 0.111827;
1468, 1468 0.136157;
1469, 1469 0.10112;
1470, 1470 0.084644;
1471, 1471 0.055697;
1472, 1472 0.201231;
1473, 1473 0.201231;
1474, 1474 0.035438;
1475, 1475 0.078329;
1476, 1476 0.068808;
1477, 1477 0.010979;
1478, 1478 0.062172;
1479, 1479 0.041176;
1480, 1480 0.039701;
1481, 1481 0.152474;
1482, 1482 0.141254;
1483, 1483 0.068487;
1484, 1484 0.123463;
1485, 1485 0.123463;
1486, 1486 0.269895;
1487, 1487 0.185908;
1488, 1488 0.186325;
1489, 1489 0.132022;
1490, 1490 0.102338;
1491, 1491 0.063391;
1492, 1492 0.089324;
1493, 1493 0.068519;
1494, 1494 0.155359;
1495, 1495 0.083586;
1496, 1496 0.075412;
1497, 1497 0.106634;
1498, 1498 0.120482;
1499, 1499 0.135965;
1500, 1500 0.060602;
1501, 1501 0.03531;
1502, 1502 0.072559;
1503, 1503 0.066276;
1504, 1504 0.007806;
1505, 1505 0.053966;
1506, 1506 0.055473;
1507, 1507 0.209854;
1508, 1508 0.073039;
1509, 1509 0.073039;
1510, 1510 0.117886;
1511, 1511 0.098588;
1512, 1512 0.139876;
1513, 1513 0.057685;
1514, 1514 0.165104;
1515, 1515 0.149974;
1516, 1516 0.106602;
1517, 1517 0.051049;
1518, 1518 0.007806;
1519, 1519 -0.031399;
1520, 1520 0.156834;
1521, 1521 0.156834;
1522, 1522 0.106217;
1523, 1523 0.070699;
1524, 1524 0.130868;
1525, 1525 0.073007;
1526, 1526 0.13667;
1527, 1527 0.128656;
1528, 1528 0.021045;
1529, 1529 0.140774;
1530, 1530 0.17065;
1531, 1531 0.126156;
1532, 1532 0.197128;
1533, 1533 0.197128;
1534, 1534 0.197128;
1535, 1535 0.194275;
1536, 1536 0.152923;
1537, 1537 0.2639;
1538, 1538 0.119104;
1539, 1539 0.203699;
1540, 1540 0.295636;
1541, 1541 0.209758;
1542, 1542 0.21213;
1543, 1543 0.211713;
1544, 1544 0.259444;
1545, 1545 0.177702;
1546, 1546 0.135068;
1547, 1547 0.097819;
1548, 1548 0.11;
1549, 1549 0.099389;
1550, 1550 0.181677;
1551, 1551 0.142344;
1552, 1552 0.025276;
1553, 1553 0.038675;
1554, 1554 0.25579;
1555, 1555 0.058486;
1556, 1556 0.08506;
1557, 1557 0.081662;
1558, 1558 0.11032;
1559, 1559 0.163341;
1560, 1560 0.161642;
1561, 1561 0.077335;
1562, 1562 -0.674953;
1563, 1563 -0.812409;
1564, 1564 -0.84376;
1565, 1565 -0.436265;
1566, 1566 0.079899;
1567, 1567 0.071725;
1568, 1568 0.082432;
1569, 1569 0.082432;
1570, 1570 0.109198;
1571, 1571 0.068455;
1572, 1572 0.129554;
1573, 1573 0.269799;
1574, 1574 0.099325;
1575, 1575 0.16411;
1576, 1576 0.054126;
1577, 1577 0.064609;
1578, 1578 0.092818;
1579, 1579 0.066596;
1580, 1580 0.148884;
1581, 1581 0.148884;
1582, 1582 0.146223;
1583, 1583 0.173695;
1584, 1584 0.155904;
1585, 1585 0.101409;
1586, 1586 0.107211;
1587, 1587 0.151929;
1588, 1588 0.033579;
1589, 1589 0.140197;
1590, 1590 0.145261;
1591, 1591 0.050055;
1592, 1592 0.285987;
1593, 1593 0.285987;
1594, 1594 0.128368;
1595, 1595 0.183312;
1596, 1596 0.188344;
1597, 1597 0.23037;
1598, 1598 0.178215;
1599, 1599 0.177221;
1600, 1600 0.165296;
1601, 1601 0.173086;
1602, 1602 0.170233;
1603, 1603 0.063647;
1604, 1604 0.101665;
1605, 1605 0.111635;
1606, 1606 0.134394;
1607, 1607 0.103941;
1608, 1608 0.132086;
1609, 1609 0.133048;
1610, 1610 0.071533;
1611, 1611 0.142056;
1612, 1612 0.131061;
1613, 1613 0.088138;
1614, 1614 0.175298;
1615, 1615 0.120995;
1616, 1616 0.218637;
1617, 1617 0.218637;
1618, 1618 0.238576;
1619, 1619 0.168149;
1620, 1620 0.168662;
1621, 1621 0.211938;
1622, 1622 0.111474;
1623, 1623 0.123399;
1624, 1624 0.126028;
1625, 1625 0.15491;
1626, 1626 0.132439;
1627, 1627 0.044958;
1628, 1628 0.113013;
1629, 1629 0.113013;
1630, 1630 0.064352;
1631, 1631 0.103909;
1632, 1632 0.194115;
1633, 1633 0.051818;
1634, 1634 0.143049;
1635, 1635 0.171387;
1636, 1636 0.106955;
1637, 1637 0.082271;
1638, 1638 0.038098;
1639, 1639 0.12295;
1640, 1640 0.139652;
1641, 1641 0.139652;
1642, 1642 0.133048;
1643, 1643 0.12061;
1644, 1644 0.112885;
1645, 1645 0.154782;
1646, 1646 0.205623;
1647, 1647 0.148884;
1648, 1648 0.169944;
1649, 1649 0.080765;
1650, 1650 0.205302;
1651, 1651 0.194115;
1652, 1652 0.255854;
1653, 1653 0.255854;
1654, 1654 0.290699;
1655, 1655 0.2154;
1656, 1656 0.198923;
1657, 1657 0.154718;
1658, 1658 0.225882;
1659, 1659 0.256816;
1660, 1660 0.367216;
1661, 1661 0.234858;
1662, 1662 0.266561;
1663, 1663 0.238929;
1664, 1664 0.1677;
1665, 1665 0.250693;
1666, 1666 0.130355;
1667, 1667 0.199051;
1668, 1668 0.214951;
1669, 1669 0.179657;
1670, 1670 0.172124;
1671, 1671 0.131606;
1672, 1672 0.159462;
1673, 1673 0.104486;
1674, 1674 0.138978;
1675, 1675 0.163341;
1676, 1676 0.126445;
1677, 1677 0.123752;
1678, 1678 0.184658;
1679, 1679 0.146031;
1680, 1680 0.150198;
1681, 1681 0.15507;
1682, 1682 0.157507;
1683, 1683 0.119424;
1684, 1684 0.085124;
1685, 1685 0.076758;
1686, 1686 0.055505;
1687, 1687 0.088522;
1688, 1688 0.364363;
1689, 1689 0.364363;
1690, 1690 0.204212;
1691, 1691 0.237294;
1692, 1692 0.25002;
1693, 1693 0.292815;
1694, 1694 0.36446;
1695, 1695 0.243801;
1696, 1696 0.194692;
1697, 1697 0.27887;
1698, 1698 0.28573;
1699, 1699 0.390233;
1700, 1700 0.195397;
1701, 1701 -0.218253;
1702, 1702 -0.802055;
1703, 1703 -0.704765;
1704, 1704 -0.639756;
1705, 1705 -0.0000481;
1706, 1706 0.078841;
1707, 1707 0.102659;
1708, 1708 0.191742;
1709, 1709 0.211585;
1710, 1710 0.169656;
1711, 1711 0.022519;
1712, 1712 0.202898;
1713, 1713 0.202898;
1714, 1714 0.393566;
1715, 1715 0.270055;
1716, 1716 0.274639;
1717, 1717 0.249571;
1718, 1718 0.301662;
1719, 1719 0.301277;
1720, 1720 0.248481;
1721, 1721 0.251014;
1722, 1722 0.199692;
1723, 1723 0.352342;
1724, 1724 0.296854;
1725, 1725 0.296854;
1726, 1726 0.202834;
1727, 1727 0.236108;
1728, 1728 0.199532;
1729, 1729 0.228511;
1730, 1730 0.250469;
1731, 1731 0.367729;
1732, 1732 0.179946;
1733, 1733 0.267555;
1734, 1734 0.265471;
1735, 1735 0.266721;
1736, 1736 0.306086;
1737, 1737 0.198378;
1738, 1738 0.160584;
1739, 1739 0.198955;
1740, 1740 0.152282;
1741, 1741 0.155872;
1742, 1742 0.140549;
1743, 1743 0.093138;
1744, 1744 0.130259;
1745, 1745 0.103364;
1746, 1746 0.053517;
1747, 1747 0.150999;
1748, 1748 0.161097;
1749, 1749 0.184434;
1750, 1750 0.156128;
1751, 1751 0.144043;
1752, 1752 0.232742;
1753, 1753 0.170329;
1754, 1754 0.141928;
1755, 1755 0.159045;
1756, 1756 0.160424;
1757, 1757 0.201584;
1758, 1758 0.170746;
1759, 1759 0.250693;
1760, 1760 0.245115;
1761, 1761 0.245115;
1762, 1762 0.234345;
1763, 1763 0.246237;
1764, 1764 0.215207;
1765, 1765 0.272748;
1766, 1766 0.089131;
1767, 1767 0.039541;
1768, 1768 0.157443;
1769, 1769 0.173535;
1770, 1770 0.200333;
1771, 1771 0.230209;
1772, 1772 0.258739;
1773, 1773 0.258739;
1774, 1774 0.218958;
1775, 1775 0.260566;
1776, 1776 0.259797;
1777, 1777 0.229665;
1778, 1778 0.230786;
1779, 1779 0.361318;
1780, 1780 0.332692;
1781, 1781 0.263131;
1782, 1782 0.258483;
1783, 1783 0.265215;
1784, 1784 0.253803;
1785, 1785 0.32564;
1786, 1786 0.315126;
1787, 1787 0.220144;
1788, 1788 0.190075;
1789, 1789 0.302624;
1790, 1790 0.272363;
1791, 1791 0.232485;
1792, 1792 0.264317;
1793, 1793 0.280121;
1794, 1794 0.269093;
1795, 1795 0.283967;
1796, 1796 0.235691;
1797, 1797 0.252649;
1798, 1798 0.222003;
1799, 1799 0.327179;
1800, 1800 0.232165;
1801, 1801 0.253867;
1802, 1802 0.250373;
1803, 1803 0.225177;
1804, 1804 0.24098;
1805, 1805 0.221106;
1806, 1806 0.229761;
1807, 1807 0.200205;
1808, 1808 0.186069;
1809, 1809 0.18828;
1810, 1810 0.217355;
1811, 1811 0.151544;
1812, 1812 0.147345;
1813, 1813 0.147313;
1814, 1814 0.139331;
1815, 1815 0.161161;
1816, 1816 0.174913;
1817, 1817 0.21588;
1818, 1818 0.125803;
1819, 1819 0.229825;
1820, 1820 0.247712;
1821, 1821 0.247712;
1822, 1822 0.209213;
1823, 1823 0.277011;
1824, 1824 0.280762;
1825, 1825 0.1627;
1826, 1826 0.131061;
1827, 1827 0.166675;
1828, 1828 0.19825;
1829, 1829 0.157507;
1830, 1830 0.153628;
1831, 1831 0.154525;
1832, 1832 0.182703;
1833, 1833 0.2087;
1834, 1834 0.10641;
1835, 1835 0.153051;
1836, 1836 0.273036;
1837, 1837 0.191005;
1838, 1838 0.196006;
1839, 1839 0.180298;
1840, 1840 0.117565;
1841, 1841 -0.554327;
1842, 1842 0.283486;
1843, 1843 0.283486;
1844, 1844 0.283486;
1845, 1845 0.283486;
1846, 1846 0.186517;
1847, 1847 0.227517;
1848, 1848 0.177157;
1849, 1849 0.186742;
1850, 1850 0.220689;
1851, 1851 0.197769;
1852, 1852 0.226235;
1853, 1853 0.249155;
1854, 1854 0.228959;
1855, 1855 0.204789;
1856, 1856 0.294129;
1857, 1857 0.265695;
1858, 1858 0.292622;
1859, 1859 0.299835;
1860, 1860 0.262746;
1861, 1861 0.231235;
1862, 1862 0.252841;
1863, 1863 0.209598;
1864, 1864 0.180266;
1865, 1865 0.182254;
1866, 1866 0.163822;
1867, 1867 0.121796;
1868, 1868 0.142408;
1869, 1869 0.194788;
1870, 1870 0.177189;
1871, 1871 0.226074;
1872, 1872 0.171772;
1873, 1873 0.17206;
1874, 1874 0.174881;
1875, 1875 0.174496;
1876, 1876 0.101184;
1877, 1877 0.173342;
1878, 1878 0.167188;
1879, 1879 0.25438;
1880, 1880 0.244218;
1881, 1881 0.244026;
1882, 1882 0.193249;
1883, 1883 0.227581;
1884, 1884 0.329935;
1885, 1885 0.236332;
1886, 1886 0.268901;
1887, 1887 0.309933;
1888, 1888 0.306022;
1889, 1889 0.3693;
1890, 1890 0.396708;
1891, 1891 0.486304;
1892, 1892 0.311952;
1893, 1893 0.311952;
1894, 1894 0.172092;
1895, 1895 0.267234;
1896, 1896 0.280922;
1897, 1897 0.288808;
1898, 1898 0.315158;
1899, 1899 0.332564;
1900, 1900 0.205142;
1901, 1901 0.211425;
1902, 1902 0.210175;
1903, 1903 0.193666;
1904, 1904 0.129458;
1905, 1905 0.201904;
1906, 1906 0.167829;
1907, 1907 0.144973;
1908, 1908 0.215752;
1909, 1909 0.136093;
1910, 1910 0.217515;
1911, 1911 0.179561;
1912, 1912 0.283679;
1913, 1913 0.246814;
1914, 1914 0.187062;
1915, 1915 0.275537;
1916, 1916 0.257329;
1917, 1917 0.257329;
1918, 1918 0.315959;
1919, 1919 0.237005;
1920, 1920 0.218798;
1921, 1921 0.201103;
1922, 1922 0.150294;
1923, 1923 0.137376;
1924, 1924 0.169111;
1925, 1925 0.205558;
1926, 1926 0.133369;
1927, 1927 0.215336;
1928, 1928 0.126829;
1929, 1929 0.126829;
1930, 1930 0.17424;
1931, 1931 0.084035;
1932, 1932 0.101409;
1933, 1933 0.154974;
1934, 1934 0.152666;
1935, 1935 0.199628;
1936, 1936 0.245917;
1937, 1937 0.219118;
1938, 1938 0.203379;
1939, 1939 0.227324;
1940, 1940 0.286019;
1941, 1941 0.286019;
1942, 1942 0.245564;
1943, 1943 0.40017;
1944, 1944 0.301438;
1945, 1945 0.221266;
1946, 1946 0.290154;
1947, 1947 0.242166;
1948, 1948 0.201167;
1949, 1949 0.234505;
1950, 1950 0.26717;
1951, 1951 0.20886;
1952, 1952 0.157443;
1953, 1953 0.147441;
1954, 1954 0.128656;
1955, 1955 0.168694;
1956, 1956 0.145678;
1957, 1957 0.189563;
1958, 1958 0.150871;
1959, 1959 0.181549;
1960, 1960 0.201391;
1961, 1961 0.195653;
1962, 1962 0.234665;
1963, 1963 0.233896;
1964, 1964 0.20418;
1965, 1965 0.20418;
1966, 1966 0.180298;
1967, 1967 0.299578;
1968, 1968 0.227357;
1969, 1969 0.242904;
1970, 1970 0.250309;
1971, 1971 0.282525;
1972, 1972 0.282429;
1973, 1973 0.311728;
1974, 1974 0.317434;
1975, 1975 0.201808;
1976, 1976 0.209021;
1977, 1977 0.238768;
1978, 1978 0.249187;
1979, 1979 0.218637;
1980, 1980 -0.219246;
1981, 1981 -0.747944;
1982, 1982 -0.765639;
1983, 1983 -0.675017;
1984, 1984 0.126637;
1985, 1985 0.113558;
1986, 1986 0.120514;
1987, 1987 0.174689;
1988, 1988 0.129073;
1989, 1989 0.193281;
1990, 1990 0.178503;
1991, 1991 0.195461;
1992, 1992 0.163886;
1993, 1993 0.213733;
1994, 1994 0.292141;
1995, 1995 0.286532;
1996, 1996 0.302592;
1997, 1997 0.250373;
1998, 1998 0.201552;
1999, 1999 0.246077;
2000, 2000 0.166675;
2001, 2001 0.166675;
2002, 2002 0.176548;
2003, 2003 0.177221;
2004, 2004 0.188761;
2005, 2005 0.206616;
2006, 2006 0.206648;
2007, 2007 0.247039;
2008, 2008 0.247808;
2009, 2009 0.212707;
2010, 2010 0.24175;
2011, 2011 0.306374;
2012, 2012 0.204821;
2013, 2013 0.204821;
2014, 2014 0.234697;
2015, 2015 0.134619;
2016, 2016 0.176676;
2017, 2017 0.188954;
2018, 2018 0.203186;
2019, 2019 0.101761;
2020, 2020 0.210976;
2021, 2021 0.27762;
2022, 2022 0.266272;
2023, 2023 0.164527;
2024, 2024 0.254636;
2025, 2025 0.254636;
2026, 2026 0.276114;
2027, 2027 0.216265;
2028, 2028 0.264413;
2029, 2029 0.275889;
2030, 2030 0.214502;
2031, 2031 0.396451;
2032, 2032 0.217483;
2033, 2033 0.269061;
2034, 2034 0.214887;
2035, 2035 0.210848;
2036, 2036 0.182574;
2037, 2037 0.263996;
2038, 2038 0.294385;
2039, 2039 0.235563;
2040, 2040 0.199083;
2041, 2041 0.214502;
2042, 2042 0.220625;
2043, 2043 0.26624;
2044, 2044 0.194115;
2045, 2045 0.169848;
2046, 2046 0.198186;
2047, 2047 0.180074;
2048, 2048 0.13542;
2049, 2049 0.163982;
2050, 2050 0.175298;
2051, 2051 0.160007;
2052, 2052 0.195974;
2053, 2053 0.186485;
2054, 2054 0.192544;
2055, 2055 0.12606;
2056, 2056 0.199211;
2057, 2057 0.221426;
2058, 2058 0.156801;
2059, 2059 0.160199;
2060, 2060 0.190524;
2061, 2061 0.187864;
2062, 2062 0.221298;
2063, 2063 0.200942;
2064, 2064 0.227869;
2065, 2065 0.277941;
2066, 2066 0.280954;
2067, 2067 0.352278;
2068, 2068 0.313523;
2069, 2069 0.277075;
2070, 2070 0.277748;
2071, 2071 0.276081;
2072, 2072 0.209085;
2073, 2073 0.264766;
2074, 2074 0.247616;
2075, 2075 0.278293;
2076, 2076 0.309997;
2077, 2077 0.232037;
2078, 2078 0.250116;
2079, 2079 0.262458;
2080, 2080 0.260919;
2081, 2081 0.312465;
2082, 2082 0.255662;
2083, 2083 0.374718;
2084, 2084 0.149493;
2085, 2085 0.149493;
2086, 2086 0.082079;
2087, 2087 0.163341;
2088, 2088 0.225561;
2089, 2089 0.235627;
2090, 2090 0.234281;
2091, 2091 0.228991;
2092, 2092 0.18453;
2093, 2093 0.205398;
2094, 2094 0.131766;
2095, 2095 0.166771;
2096, 2096 0.141735;
2097, 2097 0.211232;
2098, 2098 0.208251;
2099, 2099 0.209469;
2100, 2100 0.218189;
2101, 2101 0.236076;
2102, 2102 0.284256;
2103, 2103 0.202289;
2104, 2104 0.233768;
2105, 2105 0.151448;
2106, 2106 0.234569;
2107, 2107 0.277396;
2108, 2108 0.212547;
2109, 2109 0.212547;
2110, 2110 0.251559;
2111, 2111 0.234601;
2112, 2112 0.185395;
2113, 2113 0.239281;
2114, 2114 0.256976;
2115, 2115 0.286083;
2116, 2116 0.283775;
2117, 2117 0.229632;
2118, 2118 0.226876;
2119, 2119 0.164206;
2120, 2120 -0.573208;
2121, 2121 -0.689827;
2122, 2122 -0.706464;
2123, 2123 -0.197512;
2124, 2124 0.279672;
2125, 2125 0.247135;
2126, 2126 0.301726;
2127, 2127 0.278422;
2128, 2128 0.325159;
2129, 2129 0.247712;
2130, 2130 0.266369;
2131, 2131 0.295796;
2132, 2132 0.252681;
2133, 2133 0.287686;
2134, 2134 0.30038;
2135, 2135 0.291404;
2136, 2136 0.313491;
2137, 2137 0.320415;
2138, 2138 0.276114;
2139, 2139 0.300861;
2140, 2140 0.266112;
2141, 2141 0.26842;
2142, 2142 0.277845;
2143, 2143 0.259477;
2144, 2144 0.274831;
2145, 2145 0.317786;
2146, 2146 0.270376;
2147, 2147 0.322178;
2148, 2148 0.30397;
2149, 2149 0.275665;
2150, 2150 0.276819;
2151, 2151 0.26467;
2152, 2152 0.225658;
2153, 2153 0.32205;
2154, 2154 0.304034;
2155, 2155 0.532625;
2156, 2156 0.353432;
2157, 2157 0.327403;
2158, 2158 0.318203;
2159, 2159 0.291116;
2160, 2160 0.335257;
2161, 2161 0.348464;
2162, 2162 0.229632;
2163, 2163 0.32673;
2164, 2164 0.330705;
2165, 2165 0.283454;
2166, 2166 0.33484;
2167, 2167 0.328012;
2168, 2168 0.354202;
2169, 2169 0.256463;
2170, 2170 0.323845;
2171, 2171 0.333718;
2172, 2172 0.34888;
2173, 2173 0.386482;
2174, 2174 0.367601;
2175, 2175 0.327948;
2176, 2176 0.258707;
2177, 2177 0.404241;
2178, 2178 0.336763;
2179, 2179 0.335962;
2180, 2180 0.316568;
2181, 2181 0.277171;
2182, 2182 0.323204;
2183, 2183 0.336988;
2184, 2184 0.344906;
2185, 2185 0.278261;
2186, 2186 0.280922;
2187, 2187 0.288102;
2188, 2188 0.288135;
2189, 2189 0.214598;
2190, 2190 0.31333;
2191, 2191 0.296725;
2192, 2192 0.258643;
2193, 2193 0.301726;
2194, 2194 0.265343;
2195, 2195 0.23941;
2196, 2196 0.187415;
2197, 2197 0.23505;
2198, 2198 0.189979;
2199, 2199 0.231363;
2200, 2200 0.304291;
2201, 2201 0.265503;
2202, 2202 0.33234;
2203, 2203 0.225529;
2204, 2204 0.32705;
2205, 2205 0.32705;
2206, 2206 0.32705;
2207, 2207 0.285474;
2208, 2208 0.253065;
2209, 2209 0.233287;
2210, 2210 0.212451;
2211, 2211 0.292366;
2212, 2212 0.271305;
2213, 2213 0.308746;
2214, 2214 0.300765;
2215, 2215 0.232037;
2216, 2216 0.324806;
2217, 2217 0.24409;
2218, 2218 0.246398;
2219, 2219 0.266529;
2220, 2220 0.299707;
2221, 2221 0.298585;
2222, 2222 0.222901;
2223, 2223 0.257617;
2224, 2224 0.29804;
2225, 2225 0.295507;
2226, 2226 0.201359;
2227, 2227 0.287109;
2228, 2228 0.18578;
2229, 2229 0.220785;
2230, 2230 0.192095;
2231, 2231 0.221106;
2232, 2232 0.12856;
2233, 2233 0.2087;
2234, 2234 0.20418;
2235, 2235 0.163341;
2236, 2236 0.253162;
2237, 2237 0.238288;
2238, 2238 0.247167;
2239, 2239 0.187383;
2240, 2240 0.156994;
2241, 2241 0.167636;
2242, 2242 0.203539;
2243, 2243 0.200494;
2244, 2244 0.173182;
2245, 2245 0.148787;
2246, 2246 0.185524;
2247, 2247 0.231684;
2248, 2248 0.224568;
2249, 2249 0.186902;
2250, 2250 0.210655;
2251, 2251 0.184305;
2252, 2252 0.129778;
2253, 2253 0.14446;
2254, 2254 0.166803;
2255, 2255 0.207225;
2256, 2256 0.18671;
2257, 2257 0.178087;
2258, 2258 0.187896;
2259, 2259 -0.302848;
2260, 2260 -0.795227;
2261, 2261 -0.764902;
2262, 2262 -0.595935;
2263, 2263 0.091119;
2264, 2264 0.142697;
2265, 2265 0.13651;
2266, 2266 0.10984;
2267, 2267 0.295059;
2268, 2268 0.111378;
2269, 2269 0.226972;
2270, 2270 0.055633;
2271, 2271 0.136029;
2272, 2272 0.043836;
2273, 2273 -0.068359;
2274, 2274 -0.084932;
2275, 2275 -0.103557;
2276, 2276 0.217387;
2277, 2277 0.217387;
2278, 2278 0.296565;
2279, 2279 0.228382;
2280, 2280 0.345354;
2281, 2281 0.286724;
2282, 2282 0.28682;
2283, 2283 0.320639;
2284, 2284 0.289866;
2285, 2285 0.320158;
2286, 2286 0.275088;
2287, 2287 0.272331;
2288, 2288 0.296661;
2289, 2289 0.240179;
2290, 2290 0.219503;
2291, 2291 0.239153;
2292, 2292 0.186421;
2293, 2293 0.222484;
2294, 2294 0.232678;
2295, 2295 0.206328;
2296, 2296 0.308169;
2297, 2297 0.089708;
2298, 2298 0.169656;
2299, 2299 0.126477;
2300, 2300 0.223446;
2301, 2301 0.223446;
2302, 2302 0.227517;
2303, 2303 0.234922;
2304, 2304 0.182703;
2305, 2305 0.162636;
2306, 2306 0.224343;
2307, 2307 0.233607;
2308, 2308 0.18562;
2309, 2309 0.171547;
2310, 2310 0.277171;
2311, 2311 0.183376;
2312, 2312 0.193121;
2313, 2313 0.224023;
2314, 2314 0.156513;
2315, 2315 0.231139;
2316, 2316 0.191005;
2317, 2317 0.199917;
2318, 2318 0.210207;
2319, 2319 0.157186;
2320, 2320 0.142729;
2321, 2321 0.122694;
2322, 2322 0.082977;
2323, 2323 0.033258;
2324, 2324 0.213252;
2325, 2325 0.213252;
2326, 2326 0.183921;
2327, 2327 0.217163;
2328, 2328 0.262971;
2329, 2329 0.258739;
2330, 2330 0.209213;
2331, 2331 0.178055;
2332, 2332 0.186549;
2333, 2333 0.183504;
2334, 2334 0.121444;
2335, 2335 0.252585;
2336, 2336 0.189306;
2337, 2337 0.196423;
2338, 2338 0.16722;
2339, 2339 0.149461;
2340, 2340 0.091119;
2341, 2341 0.103236;
2342, 2342 0.019218;
2343, 2343 -0.09753;
2344, 2344 -0.106602;
2345, 2345 -0.253771;
2346, 2346 -0.321729;
2347, 2347 -0.31987;
2348, 2348 0.195301;
2349, 2349 0.195301;
2350, 2350 0.308041;
2351, 2351 0.367986;
2352, 2352 0.317434;
2353, 2353 0.249667;
2354, 2354 0.203892;
2355, 2355 0.139652;
2356, 2356 0.224504;
2357, 2357 0.248193;
2358, 2358 0.309003;
2359, 2359 0.20854;
2360, 2360 0.227934;
2361, 2361 0.144268;
2362, 2362 0.191294;
2363, 2363 0.163213;
2364, 2364 0.107467;
2365, 2365 -0.075572;
2366, 2366 -0.146063;
2367, 2367 -0.282236;
2368, 2368 -0.314228;
2369, 2369 -0.428732;
2370, 2370 -0.562597;
2371, 2371 0.246237;
2372, 2372 0.246237;
2373, 2373 0.246237;
2374, 2374 0.198089;
2375, 2375 0.186934;
2376, 2376 0.213092;
2377, 2377 0.275761;
2378, 2378 0.196871;
2379, 2379 0.164014;
2380, 2380 0.030084;
2381, 2381 -0.033482;
2382, 2382 -0.273934;
2383, 2383 -0.273934;
2384, 2384 0.326922;
2385, 2385 0.326922;
2386, 2386 0.330641;
2387, 2387 0.319838;
2388, 2388 0.235435;
2389, 2389 0.282974;
2390, 2390 0.280537;
2391, 2391 0.17549;
2392, 2392 0.229729;
2393, 2393 0.250469;
2394, 2394 0.1928;
2395, 2395 0.034925;
2396, 2396 0.182222;
2397, 2397 0.182222;
2398, 2398 0.13885;
2399, 2399 -0.6169;
2400, 2400 -0.77532;
2401, 2401 -0.654149;
2402, 2402 -0.196839;
2403, 2403 0.165104;
2404, 2404 0.147217;
2405, 2405 0.078874;
2406, 2406 -0.002036;
2407, 2407 -0.043644;
2408, 2408 0.143851;
2409, 2409 0.143851;
2410, 2410 0.158757;
2411, 2411 0.168277;
2412, 2412 0.205174;
2413, 2413 0.161866;
2414, 2414 0.047138;
2415, 2415 0.032553;
2416, 2416 0.013223;
2417, 2417 -0.080605;
2418, 2418 -0.107371;
2419, 2419 -0.165777;
2420, 2420 0.221458;
2421, 2421 0.221458;
2422, 2422 0.293392;
2423, 2423 0.245404;
2424, 2424 0.219695;
2425, 2425 0.272235;
2426, 2426 0.200045;
2427, 2427 0.174208;
2428, 2428 0.212835;
2429, 2429 0.211264;
2430, 2430 0.109583;
2431, 2431 -0.018031;
2432, 2432 0.363915;
2433, 2433 0.363915;
2434, 2434 0.225145;
2435, 2435 0.241269;
2436, 2436 0.216137;
2437, 2437 0.222548;
2438, 2438 0.239794;
2439, 2439 0.240211;
2440, 2440 0.225273;
2441, 2441 0.251847;
2442, 2442 0.24175;
2443, 2443 0.176035;
2444, 2444 0.244635;
2445, 2445 0.244635;
2446, 2446 0.317562;
2447, 2447 0.285506;
2448, 2448 0.277941;
2449, 2449 0.237069;
2450, 2450 0.214726;
2451, 2451 0.245981;
2452, 2452 0.302207;
2453, 2453 0.21447;
2454, 2454 0.191486;
2455, 2455 0.258002;
2456, 2456 0.14571;
2457, 2457 0.172124;
2458, 2458 0.059287;
2459, 2459 0.022551;
2460, 2460 -0.068584;
2461, 2461 -0.17892;
2462, 2462 -0.324229;
2463, 2463 -0.460627;
2464, 2464 -0.564841;
2465, 2465 -0.721017;
2466, 2466 -0.732301;
2467, 2467 -0.832027;
2468, 2468 0.247712;
2469, 2469 0.247712;
2470, 2470 0.147217;
2471, 2471 0.026911;
2472, 2472 -0.021782;
2473, 2473 -0.122822;
2474, 2474 -0.227837;
2475, 2475 -0.431905;
2476, 2476 -0.588595;
2477, 2477 -0.639692;
2478, 2478 -0.783398;
2479, 2479 -0.783398;
2480, 2480 0.280986;
2481, 2481 0.280986;
2482, 2482 0.280986;
2483, 2483 0.259252;
2484, 2484 0.272427;
2485, 2485 0.242038;
2486, 2486 0.254668;
2487, 2487 0.148916;
2488, 2488 0.012069;
2489, 2489 -0.036207;
2490, 2490 -0.217035;
2491, 2491 0.230017;
2492, 2492 0.230017;
2493, 2493 0.230017;
2494, 2494 0.230017;
2495, 2495 0.354907;
2496, 2496 0.27278;
2497, 2497 0.346861;
2498, 2498 0.315606;
2499, 2499 0.244859;
2500, 2500 0.231011;
2501, 2501 0.222228;
2502, 2502 0.224856;
2503, 2503 0.20854;
2504, 2504 0.206841;
2505, 2505 0.188921;
2506, 2506 0.277268;
2507, 2507 0.213092;
2508, 2508 0.20091;
2509, 2509 0.189915;
2510, 2510 0.19062;
2511, 2511 0.112116;
2512, 2512 -0.052492;
2513, 2513 0.005658;
2514, 2514 -0.080797;
2515, 2515 -0.224536;
2516, 2516 0.199115;
2517, 2517 0.199115;
2518, 2518 0.249796;
2519, 2519 0.303618;
2520, 2520 0.190172;
2521, 2521 0.180266;
2522, 2522 0.114424;
2523, 2523 0.031623;
2524, 2524 -0.103396;
2525, 2525 -0.147377;
2526, 2526 -0.283647;
2527, 2527 0.224023;
2528, 2528 0.224023;
2529, 2529 0.224023;
2530, 2530 0.242583;
2531, 2531 0.259092;
2532, 2532 0.188665;
2533, 2533 0.208411;
2534, 2534 -0.46534;
2535, 2535 -0.46534;
2536, 2536 -0.46534;
2537, 2537 -0.46534;
2538, 2538 -0.46534;
2539, 2539 -0.46534;
2540, 2540 -0.46534;
2541, 2541 -0.46534;
2542, 2542 0.17783;
2543, 2543 0.212483;
2544, 2544 0.092241;
2545, 2545 -0.067141;
2546, 2546 -0.774038;
2547, 2547 -0.774038;
2548, 2548 -0.774038;
2549, 2549 -0.774038;
2550, 2550 -0.774038;
2551, 2551 0.196038;
2552, 2552 0.196038;
2553, 2553 0.196038;
2554, 2554 0.217612;
2555, 2555 0.186229;
2556, 2556 0.111923;
2557, 2557 -0.03781;
2558, 2558 -0.173695;
2559, 2559 -0.353208;
2560, 2560 -0.547403;
2561, 2561 -0.786668;
2562, 2562 0.218798;
2563, 2563 0.218798;
2564, 2564 0.218798;
2565, 2565 0.218798;
2566, 2566 0.242006;
2567, 2567 0.200077;
2568, 2568 0.062717;
2569, 2569 -0.042009;
2570, 2570 -0.082239;
2571, 2571 -0.240083;
2572, 2572 -0.51977;
2573, 2573 -0.583305;
2574, 2574 -0.862769;
2575, 2575 -0.862769;
2576, 2576 0.204212;
2577, 2577 0.204212;
2578, 2578 0.22678;
2579, 2579 0.120386;
2580, 2580 0.120739;
2581, 2581 0.049639;
2582, 2582 -0.14446;
2583, 2583 -0.343399;
2584, 2584 -0.444984;
2585, 2585 -0.688032;
2586, 2586 0.199404;
2587, 2587 0.199404;
2588, 2588 0.199404;
2589, 2589 0.199404;
2590, 2590 0.271658;
2591, 2591 0.24518;
2592, 2592 0.200365;
2593, 2593 0.076341;
2594, 2594 0.002324;
2595, 2595 0.053101;
2596, 2596 -0.078168;
2597, 2597 -0.190043;
2598, 2598 -0.271658;
2599, 2599 -0.332468;
2600, 2600 0.255053;
2601, 2601 0.255053;
2602, 2602 0.256527;
2603, 2603 0.217451;
2604, 2604 0.26592;
2605, 2605 0.165489;
2606, 2606 0.151929;
2607, 2607 0.133016;
2608, 2608 0.021974;
2609, 2609 0.035342;
2610, 2610 -0.080733;
2611, 2611 -0.217419;
2612, 2612 0.118879;
2613, 2613 0.118879;
2614, 2614 0.118879;
2615, 2615 0.118879;
2616, 2616 0.118879;
2617, 2617 0.118879;
2618, 2618 0.090638;
2619, 2619 0.259925;
2620, 2620 0.020596;
2621, 2621 -0.093908;
2622, 2622 -0.167476;
2623, 2623 -0.285826;
2624, 2624 0.235435;
2625, 2625 0.235435;
2626, 2626 0.232934;
2627, 2627 0.27887;
2628, 2628 0.29336;
2629, 2629 0.284544;
2630, 2630 0.35994;
2631, 2631 0.273645;
2632, 2632 0.299931;
2633, 2633 0.267523;
2634, 2634 0.198955;
2635, 2635 0.226908;
2636, 2636 0.387892;
2637, 2637 0.387892;
2638, 2638 0.34856;
2639, 2639 0.328397;
2640, 2640 0.18344;
2641, 2641 0.244667;
2642, 2642 0.392316;
2643, 2643 0.30647;
2644, 2644 0.296597;
2645, 2645 0.226555;
2646, 2646 0.304387;
2647, 2647 0.314805;
2648, 2648 0.344457;
2649, 2649 0.344457;
2650, 2650 0.426103;
2651, 2651 0.383244;
2652, 2652 0.192351;
2653, 2653 0.291564;
2654, 2654 0.285859;
2655, 2655 0.298168;
2656, 2656 0.307464;
2657, 2657 0.333718;
2658, 2658 0.3392;
2659, 2659 0.308234;
2660, 2660 0.301983;
2661, 2661 0.301983;
2662, 2662 0.339777;
2663, 2663 0.405844;
2664, 2664 0.35885;
2665, 2665 0.184337;
2666, 2666 0.20418;
2667, 2667 0.343559;
2668, 2668 0.318524;
2669, 2669 0.290763;
2670, 2670 0.407607;
2671, 2671 0.293584;
2672, 2672 0.380423;
2673, 2673 0.380423;
2674, 2674 0.280601;
2675, 2675 0.236524;
2676, 2676 0.222933;
2677, 2677 0.02207;
2678, 2678 -0.530862;
2679, 2679 -0.748137;
2680, 2680 -0.584908;
2681, 2681 -0.000914;
2682, 2682 0.318588;
2683, 2683 0.243096;
2684, 2684 0.300604;
2685, 2685 0.300604;
2686, 2686 0.300604;
2687, 2687 0.226555;
2688, 2688 0.260887;
2689, 2689 0.32237;
2690, 2690 0.299354;
2691, 2691 0.303297;
2692, 2692 0.321729;
2693, 2693 0.248642;
2694, 2694 0.338302;
2695, 2695 0.231043;
2696, 2696 0.30756;
2697, 2697 0.30756;
2698, 2698 0.432033;
2699, 2699 0.43136;
2700, 2700 0.283006;
2701, 2701 0.209149;
2702, 2702 0.400651;
2703, 2703 0.264028;
2704, 2704 0.285762;
2705, 2705 0.309548;
2706, 2706 0.392509;
2707, 2707 0.272876;
2708, 2708 0.368851;
2709, 2709 0.327627;
2710, 2710 0.311375;
2711, 2711 0.22678;
2712, 2712 0.302111;
2713, 2713 0.229632;
2714, 2714 0.19482;
2715, 2715 0.218541;
2716, 2716 0.158052;
2717, 2717 0.032232;
2718, 2718 0.138978;
2719, 2719 -0.026815;
2720, 2720 0.195012;
2721, 2721 0.195012;
2722, 2722 0.297399;
2723, 2723 0.307817;
2724, 2724 0.303041;
2725, 2725 0.321376;
2726, 2726 0.335449;
2727, 2727 0.308041;
2728, 2728 0.333237;
2729, 2729 0.281852;
2730, 2730 0.254508;
2731, 2731 0.221715;
2732, 2732 0.357151;
2733, 2733 0.357151;
2734, 2734 0.319774;
2735, 2735 0.220849;
2736, 2736 0.191742;
2737, 2737 0.209822;
2738, 2738 0.304643;
2739, 2739 0.273902;
2740, 2740 0.314581;
2741, 2741 0.309548;
2742, 2742 0.247616;
2743, 2743 0.283935;
2744, 2744 0.331186;
2745, 2745 0.331186;
2746, 2746 0.329326;
2747, 2747 0.321793;
2748, 2748 0.24877;
2749, 2749 0.225625;
2750, 2750 0.230915;
2751, 2751 0.173791;
2752, 2752 0.090927;
2753, 2753 0.058646;
2754, 2754 0.009921;
2755, 2755 0.099806;
2756, 2756 0.212675;
2757, 2757 0.212675;
2758, 2758 0.204693;
2759, 2759 0.282909;
2760, 2760 0.355003;
2761, 2761 0.288295;
2762, 2762 0.374397;
2763, 2763 0.228382;
2764, 2764 0.285153;
2765, 2765 0.220529;
2766, 2766 0.196551;
2767, 2767 0.134491;
2768, 2768 0.254219;
2769, 2769 0.254219;
2770, 2770 0.23396;
2771, 2771 0.285057;
2772, 2772 0.207193;
2773, 2773 0.224471;
2774, 2774 0.331346;
2775, 2775 0.290507;
2776, 2776 0.280569;
2777, 2777 0.298713;
2778, 2778 0.277877;
2779, 2779 0.244635;
2780, 2780 0.272235;
2781, 2781 0.272235;
2782, 2782 0.211938;
2783, 2783 0.230338;
2784, 2784 0.147794;
2785, 2785 0.230466;
2786, 2786 0.213028;
2787, 2787 0.282076;
2788, 2788 0.239987;
2789, 2789 0.267234;
2790, 2790 0.314356;
2791, 2791 0.319581;
2792, 2792 0.295443;
2793, 2793 0.295443;
2794, 2794 0.34606;
2795, 2795 0.32798;
2796, 2796 0.158853;
2797, 2797 0.142665;
2798, 2798 0.171836;
2799, 2799 0.182703;
2800, 2800 0.31676;
2801, 2801 0.353048;
2802, 2802 0.285506;
2803, 2803 0.290571;
2804, 2804 0.389399;
2805, 2805 0.389399;
2806, 2806 0.382924;
2807, 2807 0.255245;
2808, 2808 0.253739;
2809, 2809 0.303714;
2810, 2810 0.336411;
2811, 2811 0.347887;
2812, 2812 0.166611;
2813, 2813 0.191518;
2814, 2814 0.201712;
2815, 2815 0.137824;
2816, 2816 0.257681;
2817, 2817 -0.381481;
2818, 2818 -0.650879;
2819, 2819 -0.669183;
2820, 2820 -0.433187;
2821, 2821 0.337661;
2822, 2822 0.243929;
2823, 2823 0.250918;
2824, 2824 0.26499;
2825, 2825 0.237198;
2826, 2826 0.125611;
2827, 2827 0.164014;
2828, 2828 0.271722;
2829, 2829 0.271722;
2830, 2830 0.239698;
2831, 2831 0.292109;
2832, 2832 0.216361;
2833, 2833 0.241301;
2834, 2834 0.22335;
2835, 2835 0.152827;
2836, 2836 0.129233;
2837, 2837 0.17097;
2838, 2838 0.140709;
2839, 2839 0.133817;
2840, 2840 0.280601;
2841, 2841 0.280601;
2842, 2842 0.249475;
2843, 2843 0.256367;
2844, 2844 0.237134;
2845, 2845 0.23287;
2846, 2846 0.154301;
2847, 2847 0.175009;
2848, 2848 0.197897;
2849, 2849 0.137279;
2850, 2850 0.148243;
2851, 2851 0.291885;
2852, 2852 0.316985;
2853, 2853 0.316985;
2854, 2854 0.192768;
2855, 2855 0.299707;
2856, 2856 0.273934;
2857, 2857 0.261977;
2858, 2858 0.297495;
2859, 2859 0.257201;
2860, 2860 0.207802;
2861, 2861 0.152634;
2862, 2862 0.170682;
2863, 2863 0.244058;
2864, 2864 0.171098;
2865, 2865 0.171098;
2866, 2866 0.29695;
2867, 2867 0.359715;
2868, 2868 0.348688;
2869, 2869 0.375262;
2870, 2870 0.29368;
2871, 2871 0.326954;
2872, 2872 0.218156;
2873, 2873 0.208476;
2874, 2874 0.190236;
2875, 2875 0.185588;
2876, 2876 0.291532;
2877, 2877 0.291532;
2878, 2878 0.291532;
2879, 2879 0.313619;
2880, 2880 0.278293;
2881, 2881 0.37709;
2882, 2882 0.279479;
2883, 2883 0.276851;
2884, 2884 0.273196;
2885, 2885 0.205719;
2886, 2886 0.264285;
2887, 2887 0.245821;
2888, 2888 0.091311;
2889, 2889 0.091311;
2890, 2890 0.186197;
2891, 2891 0.259925;
2892, 2892 0.288487;
2893, 2893 0.308234;
2894, 2894 0.266016;
2895, 2895 0.276915;
2896, 2896 0.300412;
2897, 2897 0.369012;
2898, 2898 0.340418;
2899, 2899 0.25781;
2900, 2900 0.247488;
2901, 2901 0.247488;
2902, 2902 0.318011;
2903, 2903 0.33577;
2904, 2904 0.342822;
2905, 2905 0.40001;
2906, 2906 0.352695;
2907, 2907 0.26515;
2908, 2908 0.33141;
2909, 2909 0.312176;
2910, 2910 0.260823;
2911, 2911 0.266721;
2912, 2912 0.260855;
2913, 2913 0.260855;
2914, 2914 0.2681;
2915, 2915 0.340674;
2916, 2916 0.280056;
2917, 2917 0.275408;
2918, 2918 0.260246;
2919, 2919 0.258162;
2920, 2920 0.318395;
2921, 2921 0.272427;
2922, 2922 0.251398;
2923, 2923 0.175939;
2924, 2924 0.29118;
2925, 2925 0.29118;
2926, 2926 0.314901;
2927, 2927 0.30647;
2928, 2928 0.291564;
2929, 2929 0.411774;
2930, 2930 0.323652;
2931, 2931 0.285153;
2932, 2932 0.264862;
2933, 2933 0.241301;
2934, 2934 0.186293;
2935, 2935 0.158052;
2936, 2936 0.118014;
2937, 2937 0.118014;
2938, 2938 0.204757;
2939, 2939 0.308394;
2940, 2940 0.299867;
2941, 2941 0.378147;
2942, 2942 0.370358;
2943, 2943 0.33577;
2944, 2944 0.26031;
2945, 2945 0.263131;
2946, 2946 0.258803;
2947, 2947 0.22678;
2948, 2948 0.21556;
2949, 2949 0.21556;
2950, 2950 0.233704;
2951, 2951 0.214374;
2952, 2952 0.280922;
2953, 2953 0.359844;
2954, 2954 0.315446;
2955, 2955 0.283935;
2956, 2956 0.001426;
2957, 2957 0.254604;
2958, 2958 0.254604;
2959, 2959 0.254604;
2960, 2960 0.254604;
2961, 2961 0.254604;
2962, 2962 0.314709;
2963, 2963 0.268228;
2964, 2964 0.240435;
2965, 2965 0.143915;
2966, 2966 0.100479;
2967, 2967 0.193922;
2968, 2968 0.254764;
2969, 2969 0.363594;
2970, 2970 0.346188;
2971, 2971 0.322563;
2972, 2972 0.29727;
2973, 2973 0.29727;
2974, 2974 0.308618;
2975, 2975 0.330128;
2976, 2976 0.369396;
2977, 2977 0.383405;
2978, 2978 0.280569;
2979, 2979 0.315382;
2980, 2980 0.305926;
2981, 2981 0.250373;
2982, 2982 0.289641;
2983, 2983 0.273709;
2984, 2984 0.253001;
2985, 2985 0.253001;
2986, 2986 0.185459;
2987, 2987 0.061916;
2988, 2988 0.138594;
2989, 2989 0.124649;
2990, 2990 0.237166;
2991, 2991 0.2865;
2992, 2992 0.281403;
2993, 2993 0.230498;
2994, 2994 0.319229;
2995, 2995 0.246205;
2996, 2996 0.357568;
2997, 2997 0.357568;
2998, 2998 0.294898;
2999, 2999 0.176291;
3000, 3000 0.163309;
3001, 3001 0.141254;
3002, 3002 0.21213;
3003, 3003 0.195429;
3004, 3004 0.279319;
3005, 3005 0.276723;
3006, 3006 0.24877;
3007, 3007 0.249924;
3008, 3008 0.204597;
3009, 3009 0.204597;
3010, 3010 0.327467;
3011, 3011 0.326954;
3012, 3012 0.148595;
3013, 3013 0.127759;
3014, 3014 0.110833;
3015, 3015 0.146095;
3016, 3016 0.190941;
3017, 3017 0.152923;
3018, 3018 0.199404;
3019, 3019 0.249475;
3020, 3020 0.191518;
3021, 3021 0.191518;
3022, 3022 0.135228;
3023, 3023 0.12856;
3024, 3024 0.128143;
3025, 3025 0.374237;
3026, 3026 0.193313;
3027, 3027 0.223927;
3028, 3028 0.202032;
3029, 3029 0.249571;
3030, 3030 0.412351;
3031, 3031 0.336315;
3032, 3032 0.255277;
3033, 3033 0.255277;
3034, 3034 0.255277;
3035, 3035 0.264605;
3036, 3036 0.206616;
3037, 3037 0.362087;
3038, 3038 0.26124;
3039, 3039 0.265022;
3040, 3040 0.285666;
3041, 3041 0.210014;
3042, 3042 0.270856;
3043, 3043 0.404177;
3044, 3044 0.162988;
3045, 3045 0.162988;
3046, 3046 0.258226;
3047, 3047 0.280024;
3048, 3048 0.264445;
3049, 3049 0.249892;
3050, 3050 0.233062;
3051, 3051 0.310926;
3052, 3052 0.230434;
3053, 3053 0.303169;
3054, 3054 0.278614;
3055, 3055 0.308298;
3056, 3056 0.258002;
3057, 3057 0.258002;
3058, 3058 0.242134;
3059, 3059 0.292109;
3060, 3060 0.285057;
3061, 3061 0.186293;
3062, 3062 0.280377;
3063, 3063 0.317337;
3064, 3064 0.315286;
3065, 3065 0.294898;
3066, 3066 0.298553;
3067, 3067 0.353144;
3068, 3068 0.259028;
3069, 3069 0.259028;
3070, 3070 0.29586;
3071, 3071 0.205687;
3072, 3072 0.245051;
3073, 3073 0.276915;
3074, 3074 0.280569;
3075, 3075 0.303489;
3076, 3076 0.302944;
3077, 3077 0.278229;
3078, 3078 0.29804;
3079, 3079 0.23489;
3080, 3080 0.184979;
3081, 3081 0.184979;
3082, 3082 0.241333;
3083, 3083 0.173471;
3084, 3084 0.26358;
3085, 3085 0.229761;
3086, 3086 0.240948;
3087, 3087 0.291661;
3088, 3088 0.231652;
3089, 3089 0.329006;
3090, 3090 0.266625;
3091, 3091 0.303008;
3092, 3092 0.041881;
3093, 3093 0.041881;
3094, 3094 0.001234;
3095, 3095 -0.005978;
3096, 3096 -0.581574;
3097, 3097 -0.755894;
3098, 3098 -0.753458;
3099, 3099 -0.399753;
3100, 3100 0.172733;
3101, 3101 0.212451;
3102, 3102 0.07897;
3103, 3103 0.07897;
3104, 3104 0.07897;
3105, 3105 0.07897;
3106, 3106 0.089612;
3107, 3107 0.170393;
3108, 3108 0.174881;
3109, 3109 0.232998;
3110, 3110 0.230145;
3111, 3111 0.280569;
3112, 3112 0.208315;
3113, 3113 0.247424;
3114, 3114 0.187607;
3115, 3115 0.219439;
3116, 3116 0.27496;
3117, 3117 0.27496;
3118, 3118 0.154365;
3119, 3119 0.122181;
3120, 3120 -0.034829;
3121, 3121 -0.043067;
3122, 3122 0.082945;
3123, 3123 0.154878;
3124, 3124 0.146512;
3125, 3125 0.199243;
3126, 3126 0.213156;
3127, 3127 0.197769;
3128, 3128 0.203763;
3129, 3129 0.203763;
3130, 3130 0.253963;
3131, 3131 0.304162;
3132, 3132 0.070795;
3133, 3133 0.022423;
3134, 3134 0.012101;
3135, 3135 0.07586;
3136, 3136 0.185556;
3137, 3137 0.179144;
3138, 3138 0.144588;
3139, 3139 0.171932;
3140, 3140 -0.007164;
3141, 3141 -0.007164;
3142, 3142 0.162347;
3143, 3143 0.052684;
3144, 3144 0.171804;
3145, 3145 0.108429;
3146, 3146 0.130131;
3147, 3147 0.250244;
3148, 3148 0.206488;
3149, 3149 0.246462;
3150, 3150 0.137376;
3151, 3151 0.258835;
3152, 3152 0.085413;
3153, 3153 0.085413;
3154, 3154 0.00242;
3155, 3155 0.023481;
3156, 3156 0.087112;
3157, 3157 0.072334;
3158, 3158 0.140485;
3159, 3159 0.147698;
3160, 3160 0.255726;
3161, 3161 0.185427;
3162, 3162 0.188857;
3163, 3163 0.279255;
3164, 3164 0.003574;
3165, 3165 0.003574;
3166, 3166 -0.040791;
3167, 3167 0.004183;
3168, 3168 0.091023;
3169, 3169 0.147121;
3170, 3170 0.145325;
3171, 3171 0.172733;
3172, 3172 0.21806;
3173, 3173 0.19591;
3174, 3174 0.307432;
3175, 3175 0.158725;
3176, 3176 0.127534;
3177, 3177 0.127534;
3178, 3178 0.11218;
3179, 3179 0.11359;
3180, 3180 0.084131;
3181, 3181 0.161193;
3182, 3182 0.202161;
3183, 3183 0.227357;
3184, 3184 0.149557;
3185, 3185 0.1719;
3186, 3186 0.230306;
3187, 3187 0.179625;
3188, 3188 0.086888;
3189, 3189 0.086888;
3190, 3190 0.110352;
3191, 3191 0.17456;
3192, 3192 0.192576;
3193, 3193 0.152634;
3194, 3194 0.210848;
3195, 3195 0.241429;
3196, 3196 0.254027;
