0, 0 0.6519749836919582;
1, 1 0.6626447766368484;
2, 2 0.6697792598201782;
3, 3 0.6298006085294479;
4, 4 0.6256129770957544;
5, 5 0.5992874640196699;
6, 6 0.5904742789108508;
7, 7 0.5661832795814192;
8, 8 0.5703845960851575;
9, 9 0.5933207734801589;
10, 10 0.5505412445202698;
11, 11 0.5627118334800678;
12, 12 0.5213099349046835;
13, 13 0.5087789724337073;
14, 14 0.5037383049672242;
15, 15 0.5288640935693856;
16, 16 0.5380787073995175;
17, 17 0.5563619609793036;
18, 18 0.5370979440463102;
19, 19 0.5649242531373022;
20, 20 0.5628851777006345;
21, 21 0.5788419693728131;
22, 22 0.6012900459362183;
23, 23 0.6102856986456342;
24, 24 0.6204537056888837;
25, 25 0.6308680439929384;
26, 26 0.6353065683774524;
27, 27 0.6458212638618357;
28, 28 0.6591915772955566;
29, 29 0.6593056195459295;
30, 30 0.6577272748007683;
31, 31 0.6579462359214843;
32, 32 0.6718502670869504;
33, 33 0.6718502670869504;
34, 34 0.6661299078082448;
35, 35 0.6411865868066802;
36, 36 0.6301837904907011;
37, 37 0.595619865247677;
38, 38 0.586250153957038;
39, 39 0.5767116601358473;
40, 40 0.5635055675426632;
41, 41 0.5711828918377679;
42, 42 0.5450945866424592;
43, 43 0.5671275494145072;
44, 44 0.5428502351551203;
45, 45 0.5457377849345626;
46, 46 0.5344430404576286;
47, 47 0.5358936578823723;
48, 48 0.5332980562638847;
49, 49 0.5421705433428976;
50, 50 0.5221720943175026;
51, 51 0.494332100156466;
52, 52 0.5255659916886006;
53, 53 0.5309533475962174;
54, 54 0.5442096187795655;
55, 55 0.5542955154025462;
56, 56 0.551900628144715;
57, 57 0.5709046287468582;
58, 58 0.5854062413042784;
59, 59 0.6102993837156789;
60, 60 0.6187704420733793;
61, 61 0.6290433679869718;
62, 62 0.6387734527887892;
63, 63 0.6517240907411377;
64, 64 0.6535852602672239;
65, 65 0.6611120487918365;
66, 66 0.6773835970750444;
67, 67 0.6639402966010848;
68, 68 0.619007649954155;
69, 69 0.619007649954155;
70, 70 0.6238886582701157;
71, 71 0.6335822495518137;
72, 72 0.625530866675486;
73, 73 0.5882162423534671;
74, 74 0.5927003836381302;
75, 75 0.5850869230032341;
76, 76 0.5722913825113929;
77, 77 0.5617493168869203;
78, 78 0.5486709516141539;
79, 79 0.5383296003503377;
80, 80 -0.3262018912766802;
81, 81 -0.79950460046438;
82, 82 -0.9515548520415844;
83, 83 -0.9631734765095773;
84, 84 -0.9055638933111939;
85, 85 -0.7802497069114165;
86, 86 0.5901184670896873;
87, 87 0.5901184670896873;
88, 88 0.5901184670896873;
89, 89 0.5901184670896873;
90, 90 0.5901184670896873;
91, 91 0.5901184670896873;
92, 92 0.5901184670896873;
93, 93 0.5901184670896873;
94, 94 0.5853013224339354;
95, 95 0.5741023734473147;
96, 96 0.5735549706455247;
97, 97 0.5820351523832548;
98, 98 0.5970111807022267;
99, 99 0.5647645939867803;
100, 100 0.5681721764279231;
101, 101 0.5571192015217796;
102, 102 0.46540186208186407;
103, 103 0.42935538758399217;
104, 104 0.4225721545318111;
105, 105 0.4153190674080933;
106, 106 0.40339480970910113;
107, 107 0.4191691337806831;
108, 108 0.41762272086562646;
109, 109 0.44704562146183924;
110, 110 0.5369747784159076;
111, 111 0.5439906576588496;
112, 112 0.5672461533548949;
113, 113 0.5667991077334331;
114, 114 0.5682497251581766;
115, 115 0.5513897188630443;
116, 116 0.5729117723534214;
117, 117 0.5729117723534214;
118, 118 0.5677023223563866;
119, 119 0.5579539907945095;
120, 120 0.5381745028898306;
121, 121 0.546426600126815;
122, 122 0.5361354274531629;
123, 123 0.5399261918555587;
124, 124 0.5539670737214724;
125, 125 0.5418010464516894;
126, 126 0.5370477654561461;
127, 127 0.5349813198793889;
128, 128 0.4980863710387424;
129, 129 0.508185952731768;
130, 130 0.5069771048778151;
131, 131 0.5313182827974108;
132, 132 0.5478726558615434;
133, 133 0.5484428671134081;
134, 134 0.5432334171163733;
135, 135 0.5472385809494702;
136, 136 0.5464630936469341;
137, 137 0.5636104864130063;
138, 138 0.5706765442461124;
139, 139 0.5884580119242577;
140, 140 0.5648968829972127;
141, 141 0.5643084249852885;
142, 142 0.5603625631223856;
143, 143 0.5510658388719853;
144, 144 0.5559696556380207;
145, 145 0.566525406332538;
146, 146 0.5762007508541764;
147, 147 0.5741525520374788;
148, 148 0.5756442246723565;
149, 149 0.586190851986844;
150, 150 0.5864052514175453;
151, 151 0.5997755648512662;
152, 152 0.5902142625800006;
153, 153 0.5987491845979098;
154, 154 0.6085248862998764;
155, 155 0.6204993225890327;
156, 156 0.6252571652745909;
157, 157 0.6251248762641584;
158, 158 0.6196508482462582;
159, 159 0.6143182326188206;
160, 160 0.6107601144071857;
161, 161 0.6243311422015629;
162, 162 0.6059566548214781;
163, 163 0.6129497256143455;
164, 164 0.585159910043473;
165, 165 0.585159910043473;
166, 166 0.5476035161506634;
167, 167 0.5292427138406235;
168, 168 0.5137831463800708;
169, 169 0.5399490003056333;
170, 170 0.5656632469197187;
171, 171 0.5613798199957121;
172, 172 0.5553948826961412;
173, 173 0.5468599606782321;
174, 174 0.536450184064192;
175, 175 0.518157807104376;
176, 176 0.5279015769762383;
177, 177 0.5354009953607612;
178, 178 0.5313319678674555;
179, 179 0.5277738496558204;
180, 180 0.5240469489136335;
181, 181 0.5348216607288667;
182, 182 0.5221766560075176;
183, 183 0.5257849528093168;
184, 184 0.5165338454590658;
185, 185 0.509499719456064;
186, 186 0.5126290388062971;
187, 187 0.5143579193219505;
188, 188 0.5374583175574887;
189, 189 0.5374583175574887;
190, 190 0.542316517423375;
191, 191 0.5420063225023606;
192, 192 0.5447022813011766;
193, 193 0.5305199870448003;
194, 194 0.5165201603890208;
195, 195 0.5303831363443527;
196, 196 0.520525324222118;
197, 197 0.5288276000492662;
198, 198 0.517227222341333;
199, 199 0.5215106492653399;
200, 200 0.5160548680074994;
201, 201 0.504189912278701;
202, 202 0.4994001377630386;
203, 203 0.5101246709881075;
204, 204 0.5125149965559241;
205, 205 0.5017950250208698;
206, 206 0.48455183676448454;
207, 207 0.51000606704772;
208, 208 0.49054589744408506;
209, 209 0.5145996888927409;
210, 210 0.5356701350716413;
211, 211 0.5465178339271133;
212, 212 0.5662699516917027;
213, 213 0.5662699516917027;
214, 214 0.5621370605381881;
215, 215 0.5639161196440057;
216, 216 0.574695393149254;
217, 217 0.5798546645561247;
218, 218 0.568715017539698;
219, 219 0.5541176094919646;
220, 220 0.5637108435933345;
221, 221 0.5548794117244558;
222, 222 0.5574020263027046;
223, 223 0.5443464694800129;
224, 224 0.5408157214084675;
225, 225 0.5494008220165405;
226, 226 0.5315874225082908;
227, 227 0.5299771459330251;
228, 228 0.5431056897959556;
229, 229 0.527308557274299;
230, 230 0.5065619910864576;
231, 231 0.515580452245948;
232, 232 0.5117303858733584;
233, 233 0.5013799112295123;
234, 234 0.5076613583800527;
235, 235 0.5140112308808167;
236, 236 0.512843438236998;
237, 237 0.5043450097392081;
238, 238 0.5253424688778698;
239, 239 0.5322488675604538;
240, 240 0.5216520616558022;
241, 241 0.5374309474173993;
242, 242 0.5204386521118345;
243, 243 0.5058549291341454;
244, 244 0.4977579293576684;
245, 245 0.4880962699060747;
246, 246 0.5157081795663658;
247, 247 0.5529680636082055;
248, 248 0.5765291925352505;
249, 249 0.5750740134204921;
250, 250 0.5638978728839461;
251, 251 0.5714429081686183;
252, 252 0.5674468677155511;
253, 253 0.5727338664428396;
254, 254 0.5916603183147293;
255, 255 0.586190851986844;
256, 256 0.5756077311522374;
257, 257 0.5757765136827893;
258, 258 0.5678756665769533;
259, 259 0.5678665431969234;
260, 260 0.5404188543771695;
261, 261 0.5404188543771695;
262, 262 0.5303101493041142;
263, 263 0.5334212218942875;
264, 264 0.543242540496403;
265, 265 0.5405739518376769;
266, 266 0.5433474593667462;
267, 267 0.5493415200463467;
268, 268 0.5384162724606212;
269, 269 0.5401177828361852;
270, 270 0.5634781974025738;
271, 271 0.5557643795873495;
272, 272 0.5523522354561918;
273, 273 0.5389773603324559;
274, 274 0.570580748755799;
275, 275 0.5680672575575798;
276, 276 0.5605541541030121;
277, 277 0.5552854021357831;
278, 278 -0.8715245624198854;
279, 279 -0.8715245624198854;
280, 280 -0.8715245624198854;
281, 281 -0.8715245624198854;
282, 282 -0.8715245624198854;
283, 283 -0.8715245624198854;
284, 284 -0.8715245624198854;
285, 285 -0.8715245624198854;
286, 286 -0.9521296249834639;
287, 287 -0.9548985708225184;
288, 288 -0.8771217560681882;
289, 289 -0.6525999352240017;
290, 290 0.27133388377726186;
291, 291 0.5163057609583199;
292, 292 0.5288732169494152;
293, 293 0.5142894939717266;
294, 294 0.5198273856498354;
295, 295 0.53985320481532;
296, 296 0.517063001500796;
297, 297 0.4981730431490259;
298, 298 0.5083957904724543;
299, 299 0.5094221707258104;
300, 300 0.5266972908123;
301, 301 0.524836121286214;
302, 302 0.5416778808212868;
303, 303 0.532841887262393;
304, 304 0.521560827855504;
305, 305 0.5361217423831182;
306, 306 0.5348444691789414;
307, 307 0.5393924741238132;
308, 308 0.5251782480373328;
309, 309 0.5298402952325778;
310, 310 0.5354283655008509;
311, 311 0.5328829424725272;
312, 312 0.5310400197065008;
313, 313 0.5487074451342733;
314, 314 0.5312589808272168;
315, 315 0.5248589297362887;
316, 316 0.582363594064329;
317, 317 0.5651568993280629;
318, 318 0.5421933517929722;
319, 319 0.5703389791850084;
320, 320 0.5406469388779154;
321, 321 0.5406469388779154;
322, 322 0.5435390503473727;
323, 323 0.5361126190030883;
324, 324 0.5448938722818031;
325, 325 0.566525406332538;
326, 326 0.5655492046693458;
327, 327 0.5653439286186748;
328, 328 0.5766341114055935;
329, 329 0.5710049859271862;
330, 330 0.5879379792625572;
331, 331 0.5707267228362762;
332, 332 0.571287810708111;
333, 333 0.5665390914025827;
334, 334 0.5743304579480606;
335, 335 0.5757856370628189;
336, 336 0.5679258451671174;
337, 337 0.5834629613579239;
338, 338 0.5701884434145161;
339, 339 0.5644817692058552;
340, 340 0.5468782074382919;
341, 341 0.5507373971909113;
342, 342 0.5667215590031796;
343, 343 0.5629900965709775;
344, 344 0.5575023834830328;
345, 345 0.5732493374145253;
346, 346 0.5674879229256855;
347, 347 0.5515174461834622;
348, 348 0.5524708393965796;
349, 349 0.5527627875575345;
350, 350 0.5504272022698968;
351, 351 0.5414041794203917;
352, 352 0.5549432753846644;
353, 353 0.5447022813011766;
354, 354 0.5484291820433636;
355, 355 0.5368059958853557;
356, 356 0.5544597362430834;
357, 357 0.5447889534114598;
358, 358 0.5252740435276462;
359, 359 0.5340096799062117;
360, 360 0.5115433565827467;
361, 361 0.4911890957361884;
362, 362 0.4937664505946162;
363, 363 0.5173093327616014;
364, 364 0.5248315595961992;
365, 365 0.5195536842489406;
366, 366 0.5306340292951732;
367, 367 0.5130030973875201;
368, 368 0.518705209906166;
369, 369 0.5040758700283281;
370, 370 0.5198821259300144;
371, 371 0.5324723903711848;
372, 372 0.5202060059210736;
373, 373 0.5156443159061568;
374, 374 0.5076887285201421;
375, 375 0.5076887285201421;
376, 376 0.4986930758107264;
377, 377 0.5168029851699456;
378, 378 0.5138470100402797;
379, 379 0.5086694918733492;
380, 380 0.5583782279658969;
381, 381 0.5583782279658969;
382, 382 0.5497247020075997;
383, 383 0.5596190076499541;
384, 384 0.5639343664040652;
385, 385 0.5611745439450406;
386, 386 0.5646459900463923;
387, 387 0.5556092821268424;
388, 388 0.5467596034979039;
389, 389 0.5562479187289306;
390, 390 0.5406971174680795;
391, 391 0.5555773502967378;
392, 392 0.5410027506990789;
393, 393 0.560722936633564;
394, 394 0.5481144254323342;
395, 395 0.5378186910686671;
396, 396 0.5535610833101448;
397, 397 0.5280429893667007;
398, 398 0.5311859937869783;
399, 399 0.49624344827271605;
400, 400 0.4794199354977031;
401, 401 0.4982369068092347;
402, 402 0.5171542353010943;
403, 403 0.5323902799509161;
404, 404 0.5397209158048875;
405, 405 0.5351637874799855;
406, 406 0.5220717371371746;
407, 407 0.5134273345589075;
408, 408 0.5327689002221543;
409, 409 0.5268888817929267;
410, 410 0.5164608584188268;
411, 411 0.5267885246125985;
412, 412 0.5240378255336036;
413, 413 0.5071093938882476;
414, 414 0.5263779725112561;
415, 415 0.5040302531281788;
416, 416 0.5031407235752701;
417, 417 0.4998106898643808;
418, 418 0.5232668999210828;
419, 419 0.5064616339061296;
420, 420 0.5015441320700493;
421, 421 0.49718771810580376;
422, 422 0.5195856160790451;
423, 423 0.5210362335037886;
424, 424 0.5044453669195363;
425, 425 0.5159043322370072;
426, 426 0.5255477449285411;
427, 427 0.524836121286214;
428, 428 0.5226921269792033;
429, 429 0.5187553884963301;
430, 430 0.5143898511520548;
431, 431 0.5211092205440271;
432, 432 0.5203109247914166;
433, 433 0.5210043016736841;
434, 434 0.5311814320969632;
435, 435 0.5311540619568738;
436, 436 0.5288640935693856;
437, 437 0.5030631748450165;
438, 438 0.5121226912146413;
439, 439 0.5204340904218194;
440, 440 0.5042035973487458;
441, 441 0.5293567560909964;
442, 442 0.5380239671193383;
443, 443 0.5443510311700279;
444, 444 0.5444012097601918;
445, 445 0.5611015569048021;
446, 446 0.5604766053727586;
447, 447 0.5688929234502798;
448, 448 0.5626069146097246;
449, 449 0.574736448359388;
450, 450 0.5705898721358289;
451, 451 0.5721864636410499;
452, 452 0.5471747172892614;
453, 453 0.5471747172892614;
454, 454 0.5484246203533485;
455, 455 0.5420701861625696;
456, 456 0.5533603689494884;
457, 457 0.5673054553250887;
458, 458 0.5565672370299748;
459, 459 0.5417782380016147;
460, 460 0.548944653015049;
461, 461 0.554637642153665;
462, 462 0.5333345497840041;
463, 463 0.5646459900463923;
464, 464 0.547640009670783;
465, 465 0.5371800544665788;
466, 466 0.5520785340552969;
467, 467 0.5534196709196821;
468, 468 0.5513577870329398;
469, 469 0.5706947910061719;
470, 470 0.5566128539301238;
471, 471 0.5531961481089513;
472, 472 0.5449349274919371;
473, 473 0.5415729619509435;
474, 474 0.5423347641834346;
475, 475 0.5212643180045342;
476, 476 0.5243753905947075;
477, 477 0.5243753905947075;
478, 478 0.5243753905947075;
479, 479 0.5503542152296583;
480, 480 0.5618451123772334;
481, 481 0.5453910964934288;
482, 482 0.5662288964815685;
483, 483 0.5453089860731604;
484, 484 0.5429049754352993;
485, 485 0.5486846366841989;
486, 486 0.5635283759927379;
487, 487 -0.18533234192603676;
488, 488 -0.761765738970974;
489, 489 -0.9170137352486348;
490, 490 -0.9344120209655274;
491, 491 -0.9096283591144849;
492, 492 -0.7786576770962107;
493, 493 -0.2895259035567498;
494, 494 0.5488078023146015;
495, 495 0.5544871063831729;
496, 496 0.5489127211849447;
497, 497 0.545819895354831;
498, 498 0.566306445211822;
499, 499 0.5618952909673978;
500, 500 0.5359757683026407;
501, 501 0.5677661860165955;
502, 502 0.5559194770478566;
503, 503 0.558756848237135;
504, 504 0.5519781768749685;
505, 505 0.5442689207497593;
506, 506 0.5382246814799947;
507, 507 0.57491435426997;
508, 508 0.554582901873486;
509, 509 0.5514809526633426;
510, 510 0.5582231305053895;
511, 511 0.5615303557662041;
512, 512 0.5492137927259291;
513, 513 0.5653211201685999;
514, 514 0.5455553173339658;
515, 515 0.5381380093697112;
516, 516 0.5353280083205225;
517, 517 0.5522929334859978;
518, 518 0.5498478676380025;
519, 519 0.5563391525292289;
520, 520 0.5717394180195878;
521, 521 0.5641943827349156;
522, 522 0.5481463572624385;
523, 523 0.5552580319956937;
524, 524 0.5392328149732912;
525, 525 0.5743578280881501;
526, 526 0.5505594912803293;
527, 527 0.5380148437393084;
528, 528 0.5549022201745302;
529, 529 0.5536386320403983;
530, 530 0.5592905659688803;
531, 531 0.5545099148332475;
532, 532 0.5548155480642469;
533, 533 0.5735640940255546;
534, 534 0.5531824630389066;
535, 535 0.5563345908392141;
536, 536 0.564066655414498;
537, 537 0.545003352842161;
538, 538 0.5556503373369766;
539, 539 0.5772180077275029;
540, 540 0.5669405201238955;
541, 541 0.5708681352267386;
542, 542 0.5709730540970819;
543, 543 0.5670408773042237;
544, 544 0.48024103970038823;
545, 545 0.4568897485140295;
546, 546 0.4614788086690358;
547, 547 0.4675367330088449;
548, 548 0.45448117618615336;
549, 549 0.45124237627556263;
550, 550 0.47674678514896196;
551, 551 0.4826131185081448;
552, 552 0.5582322538854194;
553, 553 0.5372530415068175;
554, 554 0.5537754827408459;
555, 555 0.5375541130478019;
556, 556 0.5550801260851121;
557, 557 0.5610194464845337;
558, 558 0.5912223960732972;
559, 559 0.581323528740928;
560, 560 0.580602781718571;
561, 561 0.5432744723265075;
562, 562 0.5548109863742319;
563, 563 0.5585880657065831;
564, 564 0.5446247325709228;
565, 565 0.5453135477631752;
566, 566 0.5594365400493575;
567, 567 0.5383387237303676;
568, 568 0.5712969340881409;
569, 569 0.5540172523116365;
570, 570 0.5568683085709594;
571, 571 0.5671822896946861;
572, 572 0.5350178133995083;
573, 573 0.5350178133995083;
574, 574 0.5350178133995083;
575, 575 0.5417417444814954;
576, 576 0.5496425915873313;
577, 577 0.5633276616320815;
578, 578 0.5611015569048021;
579, 579 0.5450215996022205;
580, 580 0.550203679459166;
581, 581 0.5228928413398597;
582, 582 0.5467276716677996;
583, 583 0.5684595628988627;
584, 584 0.5436850244278502;
585, 585 0.539912506785514;
586, 586 0.5476172012207083;
587, 587 0.517993586263839;
588, 588 0.5269664305231803;
589, 589 0.5446247325709228;
590, 590 0.5455553173339658;
591, 591 0.5362540313935507;
592, 592 0.5116072202429556;
593, 593 0.5168896572802291;
594, 594 0.5218664610865034;
595, 595 0.5231072407705606;
596, 596 0.5592631958287908;
597, 597 0.5455644407139957;
598, 598 0.5549523987646943;
599, 599 0.5549523987646943;
600, 600 0.5549523987646943;
601, 601 0.5549523987646943;
602, 602 0.5605541541030121;
603, 603 0.5655081494592116;
604, 604 0.5389591135723963;
605, 605 0.5453774114233843;
606, 606 0.5612292842252198;
607, 607 0.5535565216201297;
608, 608 0.5367421322251467;
609, 609 0.5523567971462067;
610, 610 0.564066655414498;
611, 611 0.5603032611521916;
612, 612 0.564125957384692;
613, 613 0.571347112678305;
614, 614 0.5751606855307754;
615, 615 0.5586519293667918;
616, 616 0.5714109763385138;
617, 617 0.5571967502520334;
618, 618 0.5576118640433907;
619, 619 0.5721454084309154;
620, 620 0.5665892699927471;
621, 621 0.5609464594442948;
622, 622 0.5804111907379446;
623, 623 0.5610194464845337;
624, 624 0.5491909842758544;
625, 625 0.5476947499509619;
626, 626 0.5538804016111889;
627, 627 0.5538667165411442;
628, 628 0.5723780546216763;
629, 629 0.5542316517423376;
630, 630 0.5244392542549163;
631, 631 0.5204751456319536;
632, 632 0.5147228545231437;
633, 633 0.5307024546453971;
634, 634 0.525821446329436;
635, 635 0.5153706145052619;
636, 636 0.5321439486901107;
637, 637 0.514330549181861;
638, 638 0.5098600929672426;
639, 639 0.5201603890209243;
640, 640 0.5048924125409981;
641, 641 0.5175374172623473;
642, 642 0.4882787375066715;
643, 643 0.5174735536021384;
644, 644 0.53273696839205;
645, 645 0.53273696839205;
646, 646 0.5150421728241878;
647, 647 0.5209176295634006;
648, 648 0.5075883713398139;
649, 649 0.5212506329344895;
650, 650 0.5043085162190888;
651, 651 0.519918619450134;
652, 652 0.49664031530401376;
653, 653 0.5068630626274422;
654, 654 0.5189834729970759;
655, 655 0.5214102920850117;
656, 656 0.5174324983920042;
657, 657 0.5322807993905583;
658, 658 0.528458103158058;
659, 659 0.5497611955277191;
660, 660 0.5483105781029756;
661, 661 0.5498250591879279;
662, 662 0.5543685024427851;
663, 663 0.5723278760315123;
664, 664 0.5540902393518752;
665, 665 0.5620731968779793;
666, 666 0.5695634918824726;
667, 667 0.5548109863742319;
668, 668 0.4890907183293265;
669, 669 0.4890907183293265;
670, 670 0.4890907183293265;
671, 671 0.4807337022219993;
672, 672 0.4944735125469284;
673, 673 0.5243388970745881;
674, 674 0.5232395297809933;
675, 675 0.5121500613547307;
676, 676 0.5097688591669443;
677, 677 0.5326502962817665;
678, 678 0.5255294981684815;
679, 679 0.5308529904158892;
680, 680 0.5278650834561187;
681, 681 0.5649151297572725;
682, 682 0.5365414178644903;
683, 683 0.549327834976302;
684, 684 0.5470241815187691;
685, 685 0.5568819936410041;
686, 686 0.5527627875575345;
687, 687 0.542863920225165;
688, 688 0.5523522354561918;
689, 689 0.5506051081804788;
690, 690 0.40810247380449494;
691, 691 -0.5594821569495065;
692, 692 -0.8396064173855131;
693, 693 -0.9237057345005177;
694, 694 -0.9391789870311154;
695, 695 -0.86661162227382;
696, 696 -0.6783643604282514;
697, 697 0.1600377707933236;
698, 698 0.5521378360254907;
699, 699 0.5616352746365474;
700, 700 0.5591947704785669;
701, 701 0.5471108536290523;
702, 702 0.5443692779300875;
703, 703 0.5535747683801895;
704, 704 0.5429414689554186;
705, 705 0.5644179055456464;
706, 706 0.540405169307125;
707, 707 0.5108545413904944;
708, 708 0.49586482800147813;
709, 709 0.5035877691967321;
710, 710 0.5045639708599241;
711, 711 0.5265330699717632;
712, 712 0.5076659200700675;
713, 713 0.5123188438852826;
714, 714 0.49224740781964904;
715, 715 0.5234402441416495;
716, 716 0.5346300697482405;
717, 717 0.5346300697482405;
718, 718 0.5363270184337894;
719, 719 0.542092994612644;
720, 720 0.5557278860672303;
721, 721 0.534365491727375;
722, 722 0.5476536947408275;
723, 723 0.5502538580493301;
724, 724 0.5634188954323798;
725, 725 0.5605450307229822;
726, 726 0.5510658388719853;
727, 727 0.5263414789911367;
728, 728 0.5476901882609468;
729, 729 0.5507738907110307;
730, 730 0.5496836467974655;
731, 731 0.5558510516976329;
732, 732 0.5549706455247538;
733, 733 0.5578946888243157;
734, 734 0.5479228344517078;
735, 735 0.5366144049047292;
736, 736 0.5393651039837237;
737, 737 0.5325636241714831;
738, 738 0.5442871675098189;
739, 739 0.5411578481595862;
740, 740 0.5398760132653946;
741, 741 0.5380787073995175;
742, 742 0.5510521538019406;
743, 743 0.531523558848082;
744, 744 0.5288777786394303;
745, 745 0.5215745129255485;
746, 746 0.4877313347048813;
747, 747 0.48441042437402215;
748, 748 0.4754421418046959;
749, 749 0.4708804517897791;
750, 750 0.5056131595633551;
751, 751 0.5203747884516257;
752, 752 0.5075610011997245;
753, 753 0.5075610011997245;
754, 754 0.5328920658525569;
755, 755 0.5301276817035174;
756, 756 0.5295574704516528;
757, 757 0.5573883412326599;
758, 758 0.5533968624696077;
759, 759 0.5542681452624567;
760, 760 0.5553948826961412;
761, 761 0.5496334682073014;
762, 762 0.545550755643951;
763, 763 0.5554222528362307;
764, 764 0.5321986889702897;
765, 765 0.5321986889702897;
766, 766 0.539086840892814;
767, 767 0.5184360701952859;
768, 768 0.5376362234680703;
769, 769 0.51629663757829;
770, 770 0.5235816565321121;
771, 771 0.5146681142429648;
772, 772 0.5158906471669624;
773, 773 0.4898707673218774;
774, 774 0.5201102104307602;
775, 775 0.5031042300551509;
776, 776 0.5183493980850027;
777, 777 0.4998608684545449;
778, 778 0.5148460201535463;
779, 779 0.5284991583681924;
780, 780 0.5240469489136335;
781, 781 0.536997586865982;
782, 782 0.5414680430806005;
783, 783 0.540569390147662;
784, 784 0.5444605117303858;
785, 785 0.5232760233011124;
786, 786 0.5123279672653123;
787, 787 0.5380787073995175;
788, 788 0.5390549090627095;
789, 789 0.5643403568153929;
790, 790 0.552940693468116;
791, 791 0.554318323852621;
792, 792 0.5441959337095206;
793, 793 0.5358571643622527;
794, 794 0.5263506023711666;
795, 795 0.5487074451342733;
796, 796 0.5418284165917788;
797, 797 0.5519873002549984;
798, 798 0.5268067713726581;
799, 799 0.552393290666326;
800, 800 0.5390640324427394;
801, 801 0.5276598074054475;
802, 802 0.5279928107765364;
803, 803 0.5168759722101846;
804, 804 0.5173047710715866;
805, 805 0.5334257835843021;
806, 806 0.5171907288212136;
807, 807 0.5324267734710355;
808, 808 0.5306385909851883;
809, 809 0.5459658694353084;
810, 810 0.5456921680344136;
811, 811 0.5409616954889447;
812, 812 0.5141435198912492;
813, 813 0.5141435198912492;
814, 814 0.5285721454084309;
815, 815 0.5318656855992008;
816, 816 0.537440070797429;
817, 817 0.5636880351432598;
818, 818 0.5543821875128296;
819, 819 0.5460297330955173;
820, 820 0.5569549806812426;
821, 821 0.5645045776559299;
822, 822 0.5508468777512692;
823, 823 0.5544962297632026;
824, 824 0.5270987195336128;
825, 825 0.50642514038601;
826, 826 0.5058640525141753;
827, 827 0.5510658388719853;
828, 828 0.5450672165023698;
829, 829 0.5447022813011766;
830, 830 0.5229065264099042;
831, 831 0.5114931779925826;
832, 832 0.5349721964993592;
833, 833 0.5121591847347604;
834, 834 0.5258625015395704;
835, 835 0.5230616238704116;
836, 836 0.5191066386274787;
837, 837 0.5106401419597932;
838, 838 0.5272401319240752;
839, 839 0.528950765679669;
840, 840 0.5586519293667918;
841, 841 0.5883074761537654;
842, 842 0.5940916990926799;
843, 843 0.6503601454266776;
844, 844 0.7098217747711171;
845, 845 0.7982911909204122;
846, 846 0.5658000976201663;
847, 847 0.5658000976201663;
848, 848 0.5658000976201663;
849, 849 0.5658000976201663;
850, 850 0.558045224594808;
851, 851 0.5506324783205683;
852, 852 0.5666759421030303;
853, 853 0.5577806465739428;
854, 854 0.5370888206662805;
855, 855 0.5535884534502342;
856, 856 0.532778023602184;
857, 857 0.5287911065291468;
858, 858 0.5288412851193109;
859, 859 0.5096046383264072;
860, 860 0.5190701451073594;
861, 861 0.5190701451073594;
862, 862 0.5190701451073594;
863, 863 0.4950847790089272;
864, 864 0.5217432954561005;
865, 865 0.5466273144874714;
866, 866 0.5506872186007472;
867, 867 0.5517364073041782;
868, 868 0.5533968624696077;
869, 869 0.5574111496827343;
870, 870 0.5313228444874258;
871, 871 0.49602904884201493;
872, 872 0.5330973419032283;
873, 873 0.5424488064338076;
874, 874 0.546485902097009;
875, 875 0.5368105575753706;
876, 876 0.5416505106811973;
877, 877 0.538585054991173;
878, 878 0.5440225894889539;
879, 879 0.5280019341565663;
880, 880 0.5183083428748683;
881, 881 0.5230616238704116;
882, 882 0.539912506785514;
883, 883 0.5325225689613486;
884, 884 0.543420446406985;
885, 885 0.543420446406985;
886, 886 0.5521560827855503;
887, 887 0.5797679924458414;
888, 888 0.5579083738943604;
889, 889 0.5682360400881317;
890, 890 0.5561612466186472;
891, 891 0.5705168850955902;
892, 892 0.5630539602311866;
893, 893 0.5658913314204645;
894, 894 -0.029003225114840436;
895, 895 -0.7398696268993736;
896, 896 -0.9165621279371582;
897, 897 -0.9648384933650219;
898, 898 -0.9249237057345006;
899, 899 -0.8127517482676982;
900, 900 -0.4635589393158378;
901, 901 0.4571223947047902;
902, 902 0.5223135067079652;
903, 903 0.5223135067079652;
904, 904 0.5223135067079652;
905, 905 0.5223135067079652;
906, 906 0.5223135067079652;
907, 907 0.5223135067079652;
908, 908 0.5223135067079652;
909, 909 0.5223135067079652;
910, 910 0.5266060570120019;
911, 911 0.5419561439121967;
912, 912 0.5497201403175849;
913, 913 0.5562707271790053;
914, 914 0.5520739723652819;
915, 915 0.5602348358019678;
916, 916 0.5506872186007472;
917, 917 0.5641624509048111;
918, 918 0.5530136805083548;
919, 919 0.5427407545947622;
920, 920 0.5434478165470744;
921, 921 0.5404553478972891;
922, 922 0.5115068630626274;
923, 923 0.5184999338554948;
924, 924 0.5162190888480365;
925, 925 0.5031407235752701;
926, 926 0.5137557762399814;
927, 927 0.5184451935753158;
928, 928 0.5325362540313936;
929, 929 0.5648284576469891;
930, 930 0.608159951098683;
931, 931 0.5811593079003909;
932, 932 0.5469968113786794;
933, 933 0.5469968113786794;
934, 934 0.5452086288928322;
935, 935 0.558309802615673;
936, 936 0.5553948826961412;
937, 937 0.550203679459166;
938, 938 0.5646459900463923;
939, 939 0.5269755539032099;
940, 940 0.5093491836855719;
941, 941 0.517167920371139;
942, 942 0.5066395398167114;
943, 943 0.549432753846645;
944, 944 0.5389408668123365;
945, 945 0.5520922191253415;
946, 946 0.5030038728748225;
947, 947 0.5192298042578813;
948, 948 0.5319842895395885;
949, 949 0.788004579936775;
950, 950 0.5285858304784756;
951, 951 0.5332205075336311;
952, 952 0.5508240693011948;
953, 953 0.5800325704667064;
954, 954 0.6316663397455489;
955, 955 0.7146526044969141;
956, 956 0.5563345908392141;
957, 957 0.5563345908392141;
958, 958 0.5563345908392141;
959, 959 0.5444103331402217;
960, 960 0.5407472960582436;
961, 961 0.5289051487795198;
962, 962 0.5173093327616014;
963, 963 0.5095362129761833;
964, 964 0.5286360090686397;
965, 965 0.5288412851193109;
966, 966 0.5047281917004611;
967, 967 0.5202379377511781;
968, 968 0.5441092615992373;
969, 969 0.5441092615992373;
970, 970 0.5533968624696077;
971, 971 0.5530684207885337;
972, 972 0.5550892494651418;
973, 973 0.5535747683801895;
974, 974 0.5563209057691694;
975, 975 0.5444377032803114;
976, 976 0.5397482859449769;
977, 977 0.5501124456588675;
978, 978 0.5369884634859521;
979, 979 0.5021417134620034;
980, 980 0.5076020564098589;
981, 981 0.4900121797123398;
982, 982 0.5272401319240752;
983, 983 0.5287728597690873;
984, 984 0.5249319167765274;
985, 985 0.5128343148569683;
986, 986 0.4563423457122393;
987, 987 0.4400662357390166;
988, 988 0.4670760023173386;
989, 989 0.48639932122052576;
990, 990 0.5219850650268911;
991, 991 0.5493916986365108;
992, 992 0.4763271096675896;
993, 993 0.4763271096675896;
994, 994 0.541545591810854;
995, 995 0.5616033428064429;
996, 996 0.5537389892207265;
997, 997 0.549268533006108;
998, 998 0.5325773092415278;
999, 999 0.5285310901982965;
1000, 1000 0.5468782074382919;
1001, 1001 0.5360487553428794;
1002, 1002 0.5376544702281301;
1003, 1003 0.5332250692236458;
1004, 1004 0.5366919536349828;
1005, 1005 0.5293157008808624;
1006, 1006 0.5317288348987532;
1007, 1007 0.5214102920850117;
1008, 1008 0.5195126290388061;
1009, 1009 0.5151653384545907;
1010, 1010 0.5283668693577597;
1011, 1011 0.5270348558734039;
1012, 1012 0.49551357787032946;
1013, 1013 0.5137831463800708;
1014, 1014 0.5127978213368489;
1015, 1015 0.5281524699270586;
1016, 1016 0.49275375541130484;
1017, 1017 0.49275375541130484;
1018, 1018 0.5012384988390499;
1019, 1019 0.5046232728301181;
1020, 1020 0.5341693390567337;
1021, 1021 0.5459704311253233;
1022, 1022 0.5401953315664387;
1023, 1023 0.5448254469315792;
1024, 1024 0.559126345128343;
1025, 1025 0.5423803810835839;
1026, 1026 0.5493780135664661;
1027, 1027 0.5535565216201297;
1028, 1028 0.5618496740672483;
1029, 1029 0.5453500412832948;
1030, 1030 0.5541267328719943;
1031, 1031 0.554696944123859;
1032, 1032 0.5498113741178832;
1033, 1033 0.5663703088720309;
1034, 1034 0.5255203747884516;
1035, 1035 0.5011928819389007;
1036, 1036 0.530811935205755;
1037, 1037 0.5048650424009087;
1038, 1038 0.5263642874412111;
1039, 1039 0.5254200176081234;
1040, 1040 0.4900167414023546;
1041, 1041 0.4900167414023546;
1042, 1042 0.5006865343472449;
1043, 1043 0.5238325494829326;
1044, 1044 0.5312681042072467;
1045, 1045 0.5478042305113198;
1046, 1046 0.5604127417125497;
1047, 1047 0.5548520415843663;
1048, 1048 0.568450439518833;
1049, 1049 0.5508468777512692;
1050, 1050 0.5619363461775317;
1051, 1051 0.557155695041899;
1052, 1052 0.5189196093368671;
1053, 1053 0.5189196093368671;
1054, 1054 0.5162783908182305;
1055, 1055 0.49911275129209876;
1056, 1056 0.485733314478348;
1057, 1057 0.49090170926524856;
1058, 1058 0.49796776709835444;
1059, 1059 0.5234265590716047;
1060, 1060 0.5448163235515495;
1061, 1061 0.5380650223294725;
1062, 1062 0.5398851366454245;
1063, 1063 0.563788392323588;
1064, 1064 0.5589301924577017;
1065, 1065 0.5628258757304407;
1066, 1066 0.5538484697810844;
1067, 1067 0.5615668492863235;
1068, 1068 0.5506689718406876;
1069, 1069 0.5457286615545327;
1070, 1070 0.5625795444696351;
1071, 1071 0.551800270964387;
1072, 1072 0.5313319678674555;
1073, 1073 0.5367466939151617;
1074, 1074 0.5487439386543926;
1075, 1075 0.5357203136618054;
1076, 1076 0.5428547968451352;
1077, 1077 0.5398896983354393;
1078, 1078 0.5237595624426936;
1079, 1079 0.5170447547407364;
1080, 1080 0.5238736046930665;
1081, 1081 0.5246536536856174;
1082, 1082 0.5105625932295397;
1083, 1083 0.5261407646304803;
1084, 1084 0.5184634403353754;
1085, 1085 0.5296988828421152;
1086, 1086 0.5276187521953133;
1087, 1087 0.5822586751939858;
1088, 1088 0.5523796055962813;
1089, 1089 0.5523796055962813;
1090, 1090 0.5572697372922719;
1091, 1091 0.5504454490299566;
1092, 1092 0.5662699516917027;
1093, 1093 0.5392921169434852;
1094, 1094 0.5391552662430377;
1095, 1095 0.5183950149851517;
1096, 1096 0.50369724975709;
1097, 1097 0.4483274563560309;
1098, 1098 -0.5042811460789994;
1099, 1099 -0.8471103974600511;
1100, 1100 -0.9545610057614147;
1101, 1101 -1.0;
1102, 1102 -0.9113344311800636;
1103, 1103 -0.7432863327205463;
1104, 1104 0.0013548219344301504;
1105, 1105 0.550039458618629;
1106, 1106 0.5558191198675284;
1107, 1107 0.5558191198675284;
1108, 1108 0.5558191198675284;
1109, 1109 0.5558191198675284;
1110, 1110 0.5558191198675284;
1111, 1111 0.5558191198675284;
1112, 1112 0.5558191198675284;
1113, 1113 0.5558191198675284;
1114, 1114 0.5602667676320723;
1115, 1115 0.5530182421983696;
1116, 1116 0.5162190888480365;
1117, 1117 0.5095772681863178;
1118, 1118 0.5403595524069758;
1119, 1119 0.5228837179598298;
1120, 1120 0.5421659816528828;
1121, 1121 0.5713151808482004;
1122, 1122 0.6298918423297464;
1123, 1123 0.6926378884849258;
1124, 1124 0.5588070268272991;
1125, 1125 0.5588070268272991;
1126, 1126 0.5272811871342096;
1127, 1127 0.5247676959359904;
1128, 1128 0.5321621954501703;
1129, 1129 0.555527171706574;
1130, 1130 0.4966676854441032;
1131, 1131 0.5169672060104826;
1132, 1132 0.5179570927437196;
1133, 1133 0.49690945501489403;
1134, 1134 0.5100197521177645;
1135, 1135 0.5215106492653399;
1136, 1136 0.5088063425737968;
1137, 1137 0.5088063425737968;
1138, 1138 0.537326028547056;
1139, 1139 0.5480824936022297;
1140, 1140 0.570580748755799;
1141, 1141 0.5748368055397164;
1142, 1142 0.49978331972429135;
1143, 1143 0.49577815589119467;
1144, 1144 0.5189561028569865;
1145, 1145 0.5355925863413877;
1146, 1146 0.5479684513518568;
1147, 1147 0.5504910659301059;
1148, 1148 0.5511616343622985;
1149, 1149 0.5511616343622985;
1150, 1150 0.5418375399718087;
1151, 1151 0.5416459489911822;
1152, 1152 0.5454093432534886;
1153, 1153 0.5544597362430834;
1154, 1154 0.5247585725559605;
1155, 1155 0.5024062914828684;
1156, 1156 0.5035968925767618;
1157, 1157 0.5327004748719306;
1158, 1158 0.5222359579777116;
1159, 1159 0.5292062203205044;
1160, 1160 0.5519873002549984;
1161, 1161 0.5519873002549984;
1162, 1162 0.5320207830597079;
1163, 1163 0.5471519088391867;
1164, 1164 0.5575662471432417;
1165, 1165 0.5384710127408001;
1166, 1166 0.5175009237422281;
1167, 1167 0.5089705634143338;
1168, 1168 0.5159408257571265;
1169, 1169 0.5294114963711756;
1170, 1170 0.5357933007020441;
1171, 1171 0.5392008831431869;
1172, 1172 0.5217797889762199;
1173, 1173 0.5217797889762199;
1174, 1174 0.5149098838137554;
1175, 1175 0.5412445202698697;
1176, 1176 0.5243617055246628;
1177, 1177 0.515302189155038;
1178, 1178 0.5210955354739824;
1179, 1179 0.5247996277660947;
1180, 1180 0.5310537047765456;
1181, 1181 0.5198456324098952;
1182, 1182 0.5953142320166775;
1183, 1183 0.6170461232477407;
1184, 1184 0.5178156803532572;
1185, 1185 0.5178156803532572;
1186, 1186 0.542266338833211;
1187, 1187 0.5487074451342733;
1188, 1188 0.5247676959359904;
1189, 1189 0.5082954332921261;
1190, 1190 0.5320527148898124;
1191, 1191 0.5244757477750357;
1192, 1192 0.517332141211676;
1193, 1193 0.5246673387556622;
1194, 1194 0.5778657677096211;
1195, 1195 0.6280033026635707;
1196, 1196 0.551900628144715;
1197, 1197 0.551900628144715;
1198, 1198 0.5584420916261057;
1199, 1199 0.5517592157542526;
1200, 1200 0.5373397136171008;
1201, 1201 0.5454868919837421;
1202, 1202 0.55683181505084;
1203, 1203 0.5478954643116183;
1204, 1204 0.5415501535008689;
1205, 1205 0.5178430504933467;
1206, 1206 0.5220306819270402;
1207, 1207 0.532782585292199;
1208, 1208 0.557707659533704;
1209, 1209 0.557707659533704;
1210, 1210 0.5432699106364924;
1211, 1211 0.5453774114233843;
1212, 1212 0.5196129862191345;
1213, 1213 0.5373397136171008;
1214, 1214 0.5489765848451533;
1215, 1215 0.5503952704397925;
1216, 1216 0.5425902188242699;
1217, 1217 0.5277008626155819;
1218, 1218 0.5322214974203643;
1219, 1219 0.5351774725500302;
1220, 1220 0.5646186199063028;
1221, 1221 0.5646186199063028;
1222, 1222 0.5651660227080928;
1223, 1223 0.5743258962580458;
1224, 1224 0.5548429182043364;
1225, 1225 0.5469968113786794;
1226, 1226 0.5456784829643686;
1227, 1227 0.5519279982848044;
1228, 1228 0.5449075573518476;
1229, 1229 0.542476176573897;
1230, 1230 0.5297718698823541;
1231, 1231 0.5403823608570502;
1232, 1232 0.5446931579211467;
1233, 1233 0.5446931579211467;
1234, 1234 0.5498843611581217;
1235, 1235 0.5630220284010821;
1236, 1236 0.5569823508213323;
1237, 1237 0.553104914308653;
1238, 1238 0.5527399791074596;
1239, 1239 0.5639982300642741;
1240, 1240 0.5634781974025738;
1241, 1241 0.5194715738286722;
1242, 1242 0.5217934740462646;
1243, 1243 0.5451447652326233;
1244, 1244 0.5549159052445749;
1245, 1245 0.5549159052445749;
1246, 1246 0.5609829529644144;
1247, 1247 0.5536340703503835;
1248, 1248 0.5488306107646761;
1249, 1249 0.5205891878823266;
1250, 1250 0.49651714967361116;
1251, 1251 0.4914947289671876;
1252, 1252 0.5143396725618907;
1253, 1253 0.5357704922519695;
1254, 1254 0.5453728497333692;
1255, 1255 0.5589484392177615;
1256, 1256 0.5641305190747068;
1257, 1257 0.5641305190747068;
1258, 1258 0.5626799016499633;
1259, 1259 0.5555454184666335;
1260, 1260 0.5474256102400816;
1261, 1261 0.555130304675276;
1262, 1262 0.5479319578317374;
1263, 1263 0.5517318456141631;
1264, 1264 0.527746479515731;
1265, 1265 0.5354922291610595;
1266, 1266 0.5289005870895047;
1267, 1267 0.5405465816975874;
1268, 1268 0.5668264778735226;
1269, 1269 0.5668264778735226;
1270, 1270 0.5511525109822686;
1271, 1271 0.569043459220772;
1272, 1272 0.5442096187795655;
1273, 1273 0.5690480209107871;
1274, 1274 0.5480003831819613;
1275, 1275 0.5594411017393723;
1276, 1276 0.5498341825679578;
1277, 1277 0.5439769725888046;
1278, 1278 0.520351980001551;
1279, 1279 0.5076294265499484;
1280, 1280 0.5474757888302457;
1281, 1281 0.5474757888302457;
1282, 1282 0.5379236099390101;
1283, 1283 0.5359210280224618;
1284, 1284 0.5502492963593151;
1285, 1285 0.5487348152743627;
1286, 1286 0.5532645734591752;
1287, 1287 0.5398896983354393;
1288, 1288 0.5085508879329614;
1289, 1289 0.5128708083770874;
1290, 1290 0.5336812382251375;
1291, 1291 0.546869084058262;
1292, 1292 0.543242540496403;
1293, 1293 0.5294343048212502;
1294, 1294 0.5179525310537048;
1295, 1295 0.5283075673875657;
1296, 1296 0.5315600523682014;
1297, 1297 0.5467276716677996;
1298, 1298 -0.9325097962293071;
1299, 1299 -0.9325097962293071;
1300, 1300 -0.9325097962293071;
1301, 1301 -0.9325097962293071;
1302, 1302 -0.9325097962293071;
1303, 1303 -0.9325097962293071;
1304, 1304 -0.9325097962293071;
1305, 1305 -0.9325097962293071;
1306, 1306 -0.8463485952275599;
1307, 1307 -0.5525894433369676;
1308, 1308 0.3796694599415191;
1309, 1309 0.5189652262370164;
1310, 1310 0.5607913619837879;
1311, 1311 0.5607913619837879;
1312, 1312 0.5607913619837879;
1313, 1313 0.5607913619837879;
1314, 1314 0.5607913619837879;
1315, 1315 0.5607913619837879;
1316, 1316 0.5607913619837879;
1317, 1317 0.5607913619837879;
1318, 1318 0.5581318967050914;
1319, 1319 0.5527855960076089;
1320, 1320 0.5691073228809811;
1321, 1321 0.5455097004338167;
1322, 1322 0.5398851366454245;
1323, 1323 0.5095544597362431;
1324, 1324 0.5200554701505813;
1325, 1325 0.5272629403741498;
1326, 1326 0.5216429382757723;
1327, 1327 0.5691711865411897;
1328, 1328 0.5445380604606394;
1329, 1329 0.5445380604606394;
1330, 1330 0.5440225894889539;
1331, 1331 0.5427772481148816;
1332, 1332 0.541659634061227;
1333, 1333 0.5581227733250615;
1334, 1334 0.5535747683801895;
1335, 1335 0.5502128028391959;
1336, 1336 0.5454868919837421;
1337, 1337 0.54148628984066;
1338, 1338 0.5470971685590078;
1339, 1339 0.5326001176916024;
1340, 1340 0.5469055775783813;
1341, 1341 0.5469055775783813;
1342, 1342 0.5607457450836386;
1343, 1343 0.562086881948024;
1344, 1344 0.5559149153578418;
1345, 1345 0.5524480309465052;
1346, 1346 0.5576392341834802;
1347, 1347 0.5513669104129697;
1348, 1348 0.5446247325709228;
1349, 1349 0.5497703189077487;
1350, 1350 0.5505914231104339;
1351, 1351 0.5433200892266565;
1352, 1352 0.5283303758376403;
1353, 1353 0.5342879429971217;
1354, 1354 0.5166752578495282;
1355, 1355 0.5302599707139499;
1356, 1356 0.5314505718078433;
1357, 1357 0.5397619710150217;
1358, 1358 0.5797041287856326;
1359, 1359 0.6108878417276031;
1360, 1360 0.6437046396949142;
1361, 1361 0.6969897407591563;
1362, 1362 0.7597449102943659;
1363, 1363 0.5312316106871273;
1364, 1364 0.5312316106871273;
1365, 1365 0.5312316106871273;
1366, 1366 0.5106811971699277;
1367, 1367 0.525114384377124;
1368, 1368 0.5468052203980529;
1369, 1369 0.5502128028391959;
1370, 1370 0.5649516232773917;
1371, 1371 0.5576894127736443;
1372, 1372 0.5399170684755288;
1373, 1373 0.5041807888986714;
1374, 1374 0.5258077612593914;
1375, 1375 0.5441411934293416;
1376, 1376 0.5206895450626547;
1377, 1377 0.5206895450626547;
1378, 1378 0.5439313556886556;
1379, 1379 0.5498068124278683;
1380, 1380 0.5569595423712577;
1381, 1381 0.5525940050269824;
1382, 1382 0.5546467655336949;
1383, 1383 0.5360259468928048;
1384, 1384 0.5533466838794436;
1385, 1385 0.5441731252594459;
1386, 1386 0.5699694822938002;
1387, 1387 0.557374656162615;
1388, 1388 0.541545591810854;
1389, 1389 0.5376544702281301;
1390, 1390 0.532070961649872;
1391, 1391 0.5309670326662621;
1392, 1392 0.5283805544278044;
1393, 1393 0.5279015769762383;
1394, 1394 0.5378962397989207;
1395, 1395 0.5734546134651965;
1396, 1396 0.579622018365364;
1397, 1397 0.6283180592746;
1398, 1398 0.662608283116729;
1399, 1399 0.5405557050776171;
1400, 1400 0.5405557050776171;
1401, 1401 0.5405557050776171;
1402, 1402 0.5431056897959556;
1403, 1403 0.5213783602549071;
1404, 1404 0.5385439997810388;
1405, 1405 0.5102523983085254;
1406, 1406 0.5302599707139499;
1407, 1407 0.5453363562132498;
1408, 1408 0.5578445102341516;
1409, 1409 0.5643540418854378;
1410, 1410 0.5424852999539269;
1411, 1411 0.5270667877035082;
1412, 1412 0.5203382949315061;
1413, 1413 0.522541591208711;
1414, 1414 0.5267337843324194;
1415, 1415 0.5467596034979039;
1416, 1416 0.5525985667169973;
1417, 1417 0.5680079555873858;
1418, 1418 0.6223878622552081;
1419, 1419 0.635224457957184;
1420, 1420 0.697459594830693;
1421, 1421 0.7865995794121805;
1422, 1422 1.0;
1423, 1423 1.0;
1424, 1424 0.5530775441685634;
1425, 1425 0.5530775441685634;
1426, 1426 0.5530775441685634;
1427, 1427 0.5103892490089728;
1428, 1428 0.46156548077931925;
1429, 1429 0.43331949620695465;
1430, 1430 0.4273117504573094;
1431, 1431 0.40962607826947717;
1432, 1432 0.38267561366134917;
1433, 1433 0.39984125318748087;
1434, 1434 0.406405525118946;
1435, 1435 0.4624139551220936;
1436, 1436 0.5521150275754161;
1437, 1437 0.5521150275754161;
1438, 1438 0.5441822486394758;
1439, 1439 0.5466638080075905;
1440, 1440 0.5384710127408001;
1441, 1441 0.5130760844277589;
1442, 1442 0.4938029441147358;
1443, 1443 0.4964213541832978;
1444, 1444 0.49592869166168674;
1445, 1445 0.5342240793369126;
1446, 1446 0.5576164257334058;
1447, 1447 0.5522153847557443;
1448, 1448 0.5275959437452389;
1449, 1449 0.5275959437452389;
1450, 1450 0.5643814120255273;
1451, 1451 0.547462103760201;
1452, 1452 0.5546786973637994;
1453, 1453 0.5580589096648525;
1454, 1454 0.5597421732803569;
1455, 1455 0.5310035261863815;
1456, 1456 0.5478224772713793;
1457, 1457 0.5302827791640248;
1458, 1458 0.553218956559026;
1459, 1459 0.5528266512177431;
1460, 1460 0.5562570421089605;
1461, 1461 0.5736918213459721;
1462, 1462 0.5623012813787251;
1463, 1463 0.5487941172445567;
1464, 1464 0.5399170684755288;
1465, 1465 0.5364273756141174;
1466, 1466 0.5348353457989117;
1467, 1467 0.553218956559026;
1468, 1468 0.5413038222400635;
1469, 1469 0.5762007508541764;
1470, 1470 0.6023346729496344;
1471, 1471 0.6465693810242819;
1472, 1472 0.5530821058585784;
1473, 1473 0.5530821058585784;
1474, 1474 0.5330471633130642;
1475, 1475 0.553114037688683;
1476, 1476 0.5961216511493177;
1477, 1477 0.5506552867706427;
1478, 1478 0.5612612160553241;
1479, 1479 0.526596933631972;
1480, 1480 0.4996054138137096;
1481, 1481 0.4999384171847987;
1482, 1482 0.4839405703024855;
1483, 1483 0.503195463855449;
1484, 1484 0.5540400607617109;
1485, 1485 0.5540400607617109;
1486, 1486 0.5459704311253233;
1487, 1487 0.5552671553757236;
1488, 1488 0.5561110680284831;
1489, 1489 0.5350816770597171;
1490, 1490 0.5444240182102664;
1491, 1491 0.5512802383026865;
1492, 1492 0.5429551540254633;
1493, 1493 0.5657864125501215;
1494, 1494 0.5449577359420119;
1495, 1495 0.5229202114799492;
1496, 1496 0.5071823809284863;
1497, 1497 0.5102660833785699;
1498, 1498 0.5344749722877331;
1499, 1499 0.532946806132736;
1500, 1500 0.5363908820939982;
1501, 1501 0.5559924640880953;
1502, 1502 -0.9124566069237332;
1503, 1503 -0.9124566069237332;
1504, 1504 -0.9124566069237332;
1505, 1505 -0.9124566069237332;
1506, 1506 -0.9124566069237332;
1507, 1507 -0.9124566069237332;
1508, 1508 -0.9124566069237332;
1509, 1509 -0.9124566069237332;
1510, 1510 -0.7740823020112491;
1511, 1511 -0.16588585739244677;
1512, 1512 0.510922966740718;
1513, 1513 0.5292472755306386;
1514, 1514 0.5163924330686034;
1515, 1515 0.5163924330686034;
1516, 1516 0.5163924330686034;
1517, 1517 0.5163924330686034;
1518, 1518 0.5163924330686034;
1519, 1519 0.5163924330686034;
1520, 1520 0.5163924330686034;
1521, 1521 0.5163924330686034;
1522, 1522 0.5318702472892156;
1523, 1523 0.5666348868928961;
1524, 1524 0.5298129250924881;
1525, 1525 0.5419926374323158;
1526, 1526 0.5464630936469341;
1527, 1527 0.5367330088451168;
1528, 1528 0.5223545619180994;
1529, 1529 0.5097141188867651;
1530, 1530 0.5347167418585237;
1531, 1531 0.5475122823503651;
1532, 1532 0.5404827180373786;
1533, 1533 0.5404827180373786;
1534, 1534 0.5404827180373786;
1535, 1535 0.5267383460224344;
1536, 1536 0.5281433465470287;
1537, 1537 0.534424793697569;
1538, 1538 0.5370842589762654;
1539, 1539 0.5643403568153929;
1540, 1540 0.5447661449613852;
1541, 1541 0.5508970563414335;
1542, 1542 0.5408157214084675;
1543, 1543 0.5424351213637628;
1544, 1544 0.546371859846636;
1545, 1545 0.5547151908839187;
1546, 1546 0.5590989749882536;
1547, 1547 0.5446110475008781;
1548, 1548 0.547580707700589;
1549, 1549 0.5530912292386083;
1550, 1550 0.5499755949584202;
1551, 1551 0.5348946477691054;
1552, 1552 0.5553355807259475;
1553, 1553 0.550085075518778;
1554, 1554 0.5471701555992463;
1555, 1555 0.5360487553428794;
1556, 1556 0.5401542763563043;
1557, 1557 0.5257575826692273;
1558, 1558 0.49337414525333356;
1559, 1559 0.5175830341624965;
1560, 1560 0.4920649402190522;
1561, 1561 0.5117075774232838;
1562, 1562 0.5393149253935599;
1563, 1563 0.54312849824603;
1564, 1564 0.5772590629376371;
1565, 1565 0.5909806265025066;
1566, 1566 0.6543060072895808;
1567, 1567 0.7153733515192708;
1568, 1568 0.5486344580940348;
1569, 1569 0.5486344580940348;
1570, 1570 0.5673875657453573;
1571, 1571 0.5463216812564717;
1572, 1572 0.5343381215872856;
1573, 1573 0.5239100982131861;
1574, 1574 0.5374674409375184;
1575, 1575 0.535355378460612;
1576, 1576 0.5484656755634827;
1577, 1577 0.543142183316075;
1578, 1578 0.5842475720404896;
1579, 1579 0.613738897986926;
1580, 1580 0.5561293147885429;
1581, 1581 0.5561293147885429;
1582, 1582 0.5644817692058552;
1583, 1583 0.559892709050849;
1584, 1584 0.5548429182043364;
1585, 1585 0.545007914532176;
1586, 1586 0.5495924129971672;
1587, 1587 0.5316239160284102;
1588, 1588 0.5331612055634372;
1589, 1589 0.5218345292563988;
1590, 1590 0.5653028734085404;
1591, 1591 0.5570462144815411;
1592, 1592 0.5276598074054475;
1593, 1593 0.5276598074054475;
1594, 1594 0.554537284973337;
1595, 1595 0.5748368055397164;
1596, 1596 0.5305245487348154;
1597, 1597 0.5295209769315334;
1598, 1598 0.510489606189301;
1599, 1599 0.5292563989106684;
1600, 1600 0.5497931273578236;
1601, 1601 0.5518778196946406;
1602, 1602 0.5612110374651602;
1603, 1603 0.5531642162788468;
1604, 1604 0.5425902188242699;
1605, 1605 0.5450991483324743;
1606, 1606 0.524179237924066;
1607, 1607 0.5381015158495919;
1608, 1608 0.5366554601148632;
1609, 1609 0.5531459695187873;
1610, 1610 0.5612612160553241;
1611, 1611 0.5828471332059102;
1612, 1612 0.617525100699307;
1613, 1613 0.6480519302791299;
1614, 1614 0.7352395115342332;
1615, 1615 0.5428821669852246;
1616, 1616 0.5428821669852246;
1617, 1617 0.5428821669852246;
1618, 1618 0.5714246614085587;
1619, 1619 0.5625932295396798;
1620, 1620 0.5501352541089422;
1621, 1621 0.5481646040224981;
1622, 1622 0.5494829324368093;
1623, 1623 0.5645821263861837;
1624, 1624 0.5595414589197005;
1625, 1625 0.5557506945173047;
1626, 1626 0.5576027406633608;
1627, 1627 0.5502903515694495;
1628, 1628 0.5570325294114964;
1629, 1629 0.5570325294114964;
1630, 1630 0.5425765337542252;
1631, 1631 0.5281387848570138;
1632, 1632 0.5531779013488918;
1633, 1633 0.5322214974203643;
1634, 1634 0.5313821464576196;
1635, 1635 0.5286086389285503;
1636, 1636 0.5092853200253629;
1637, 1637 0.53985320481532;
1638, 1638 0.5801466127170793;
1639, 1639 0.6042870762760186;
1640, 1640 0.5558921069077671;
1641, 1641 0.5558921069077671;
1642, 1642 0.5611973523951153;
1643, 1643 0.5562205485888412;
1644, 1644 0.5588161502073288;
1645, 1645 0.5491408056856906;
1646, 1646 0.543794504988208;
1647, 1647 0.5568683085709594;
1648, 1648 0.5399854938257524;
1649, 1649 0.5525985667169973;
1650, 1650 0.5180027096438689;
1651, 1651 0.5528494596678177;
1652, 1652 0.5332341926036757;
1653, 1653 0.5332341926036757;
1654, 1654 0.5400904126960957;
1655, 1655 0.5084003521624691;
1656, 1656 0.5243115269344987;
1657, 1657 0.5504682574800313;
1658, 1658 0.5628121906603958;
1659, 1659 0.5346802483384043;
1660, 1660 0.5411031078794071;
1661, 1661 0.549268533006108;
1662, 1662 0.5457697167646669;
1663, 1663 0.5550162624249031;
1664, 1664 0.5578581953041961;
1665, 1665 0.5354922291610595;
1666, 1666 0.5730486230538689;
1667, 1667 0.5428547968451352;
1668, 1668 0.5585789423265533;
1669, 1669 0.5583006792356433;
1670, 1670 0.5456283043742045;
1671, 1671 0.545655674514294;
1672, 1672 0.5544232427229641;
1673, 1673 0.549596974687182;
1674, 1674 0.51931191467815;
1675, 1675 0.5155120268957243;
1676, 1676 0.5553583891760219;
1677, 1677 0.5154436015455004;
1678, 1678 0.507369410219098;
1679, 1679 0.5282528271073867;
1680, 1680 0.5264418361714647;
1681, 1681 0.5249227933964975;
1682, 1682 0.5444878818704753;
1683, 1683 0.5486709516141539;
1684, 1684 0.6509942203387511;
1685, 1685 0.5845258351313993;
1686, 1686 0.6087529708006223;
1687, 1687 0.6460584717426112;
1688, 1688 0.5164608584188268;
1689, 1689 0.5164608584188268;
1690, 1690 0.5298676653726673;
1691, 1691 0.5572514905322123;
1692, 1692 0.5461255285858304;
1693, 1693 0.5507328355008962;
1694, 1694 0.5457377849345626;
1695, 1695 0.5496927701774954;
1696, 1696 0.5522655633459084;
1697, 1697 0.5761049553638631;
1698, 1698 0.5366691451849082;
1699, 1699 0.5355059142311043;
1700, 1700 0.5423986278436435;
1701, 1701 0.543958725828745;
1702, 1702 0.5453591646633245;
1703, 1703 0.5598562155307298;
1704, 1704 0.5583234876857177;
1705, 1705 0.5661148542311956;
1706, 1706 -0.9161789459759051;
1707, 1707 -0.9161789459759051;
1708, 1708 -0.9161789459759051;
1709, 1709 -0.9161789459759051;
1710, 1710 -0.9161789459759051;
1711, 1711 -0.9161789459759051;
1712, 1712 -0.9161789459759051;
1713, 1713 -0.9161789459759051;
1714, 1714 -0.6869768311764144;
1715, 1715 0.2653763166177807;
1716, 1716 0.5066167313666365;
1717, 1717 0.5321165785500213;
1718, 1718 0.5387720842817847;
1719, 1719 0.5387720842817847;
1720, 1720 0.5387720842817847;
1721, 1721 0.5387720842817847;
1722, 1722 0.5387720842817847;
1723, 1723 0.5387720842817847;
1724, 1724 0.5387720842817847;
1725, 1725 0.5387720842817847;
1726, 1726 0.543247102186418;
1727, 1727 0.5551211812952461;
1728, 1728 0.5467276716677996;
1729, 1729 0.5421933517929722;
1730, 1730 0.5396068735545145;
1731, 1731 0.5443008525798638;
1732, 1732 0.5482877696529009;
1733, 1733 0.532841887262393;
1734, 1734 0.5505822997304042;
1735, 1735 0.5601709721417591;
1736, 1736 0.5346391931282701;
1737, 1737 0.5468189054680979;
1738, 1738 0.5256344170388245;
1739, 1739 0.5444012097601918;
1740, 1740 0.5464767787169791;
1741, 1741 0.5438629303384317;
1742, 1742 0.5526624303772061;
1743, 1743 0.5488579809047656;
1744, 1744 0.5536249469703536;
1745, 1745 0.5441685635694311;
1746, 1746 0.546590820967352;
1747, 1747 0.5598197220106105;
1748, 1748 0.5375906065679212;
1749, 1749 0.529114986520206;
1750, 1750 0.5328053937422736;
1751, 1751 0.5126655323264164;
1752, 1752 0.5088519594739458;
1753, 1753 0.49912643636214327;
1754, 1754 0.5176879530328395;
1755, 1755 0.5112650934918368;
1756, 1756 0.524836121286214;
1757, 1757 0.5346391931282701;
1758, 1758 0.538644356961367;
1759, 1759 0.5456146193041598;
1760, 1760 0.5408795850686763;
1761, 1761 0.5408795850686763;
1762, 1762 0.5541176094919646;
1763, 1763 0.5455781257840406;
1764, 1764 0.5498433059479877;
1765, 1765 0.5517455306842078;
1766, 1766 0.5495696045470926;
1767, 1767 0.5513212935128207;
1768, 1768 0.5606271411432506;
1769, 1769 0.5350953621297618;
1770, 1770 0.5421705433428976;
1771, 1771 0.5240013320134844;
1772, 1772 0.5254291409881533;
1773, 1773 0.5254291409881533;
1774, 1774 0.5164745434888718;
1775, 1775 0.5186230994858976;
1776, 1776 0.5314323250477837;
1777, 1777 0.5312088022370529;
1778, 1778 0.5435208035873129;
1779, 1779 0.5342332027169425;
1780, 1780 0.5523157419360725;
1781, 1781 0.5343153131372111;
1782, 1782 0.5430327027557169;
1783, 1783 0.5394791462340967;
1784, 1784 0.5340233649762562;
1785, 1785 0.5343883001774496;
1786, 1786 0.5284991583681924;
1787, 1787 0.5197772070596713;
1788, 1788 0.5119812788241789;
1789, 1789 0.5321850039002449;
1790, 1790 0.5071185172682775;
1791, 1791 0.5010469078584232;
1792, 1792 0.497174033035759;
1793, 1793 0.5127111492265655;
1794, 1794 0.5215881979955934;
1795, 1795 0.5304333149345168;
1796, 1796 0.4957644708211497;
1797, 1797 0.5193620932683141;
1798, 1798 0.5202835546513271;
1799, 1799 0.5209723698435798;
1800, 1800 0.5161004849076485;
1801, 1801 0.5116802072831941;
1802, 1802 0.5061833708152197;
1803, 1803 0.5128343148569683;
1804, 1804 0.5016216808003029;
1805, 1805 0.531792698558962;
1806, 1806 0.5201330188808349;
1807, 1807 0.5468599606782321;
1808, 1808 0.538644356961367;
1809, 1809 0.5462213240761438;
1810, 1810 0.565978003530748;
1811, 1811 0.5840240492297586;
1812, 1812 0.5640940255545874;
1813, 1813 0.5564577564696169;
1814, 1814 0.5701428265143671;
1815, 1815 0.5671457961745667;
1816, 1816 0.5479958214919463;
1817, 1817 0.5212734413845641;
1818, 1818 0.5350634302996573;
1819, 1819 0.5222770131878458;
1820, 1820 0.562483748979322;
1821, 1821 0.562483748979322;
1822, 1822 0.5511114557721344;
1823, 1823 0.5546102720135755;
1824, 1824 0.5431695534561645;
1825, 1825 0.557260613912242;
1826, 1826 0.5594775952594917;
1827, 1827 0.5564577564696169;
1828, 1828 0.5389271817422918;
1829, 1829 0.5255933618286901;
1830, 1830 0.5371344375664295;
1831, 1831 0.5352915148004032;
1832, 1832 0.5664113640821651;
1833, 1833 0.5742802793578965;
1834, 1834 0.5489857082251832;
1835, 1835 0.5374081389673246;
1836, 1836 0.5525438264368183;
1837, 1837 0.5419698289822412;
1838, 1838 0.5271762682638663;
1839, 1839 0.5336036894948841;
1840, 1840 0.5533694923295183;
1841, 1841 0.5292472755306386;
1842, 1842 0.5426084655843297;
1843, 1843 0.5601253552416099;
1844, 1844 0.5216794317958917;
1845, 1845 0.5216794317958917;
1846, 1846 0.5122504185350587;
1847, 1847 0.5123188438852826;
1848, 1848 0.5220443669970851;
1849, 1849 0.516232773918081;
1850, 1850 0.5444377032803114;
1851, 1851 0.5157766049165895;
1852, 1852 0.5148460201535463;
1853, 1853 0.509057235524617;
1854, 1854 0.5184497552653307;
1855, 1855 0.5299771459330251;
1856, 1856 0.5468918925083364;
1857, 1857 0.5503268450895689;
1858, 1858 0.5436530925977456;
1859, 1859 0.544059083009073;
1860, 1860 0.5341237221565847;
1861, 1861 0.5470971685590078;
1862, 1862 0.5552854021357831;
1863, 1863 0.5468417139181725;
1864, 1864 0.5663703088720309;
1865, 1865 0.5890920868363312;
1866, 1866 0.5803610121477807;
1867, 1867 0.5634188954323798;
1868, 1868 0.5770948420971;
1869, 1869 0.5244529393249611;
1870, 1870 0.4865544186810329;
1871, 1871 0.47302444609678984;
1872, 1872 0.47949292253794185;
1873, 1873 0.47140048445147964;
1874, 1874 0.4508227007941903;
1875, 1875 0.44944050871967045;
1876, 1876 0.44833657973606056;
1877, 1877 0.4625690525826007;
1878, 1878 0.5285995155485204;
1879, 1879 0.5262137516707188;
1880, 1880 0.5240013320134844;
1881, 1881 0.5238964131431412;
1882, 1882 0.5391552662430377;
1883, 1883 0.5402455101566028;
1884, 1884 0.5609601445143397;
1885, 1885 0.5974308561835988;
1886, 1886 0.6345265193849017;
1887, 1887 0.6546253255906247;
1888, 1888 0.6786289384491164;
1889, 1889 0.7549186422585841;
1890, 1890 0.9411770072576486;
1891, 1891 0.9411770072576486;
1892, 1892 0.5148779519836508;
1893, 1893 0.5148779519836508;
1894, 1894 0.4997194560640825;
1895, 1895 0.5218527760164586;
1896, 1896 0.5460479798555768;
1897, 1897 0.5659643184607033;
1898, 1898 0.5399854938257524;
1899, 1899 0.5562707271790053;
1900, 1900 0.5289416422996391;
1901, 1901 0.5405557050776171;
1902, 1902 0.5590761665381789;
1903, 1903 0.542207036863017;
1904, 1904 0.5497064552475401;
1905, 1905 0.5411076695694221;
1906, 1906 0.5351865959300601;
1907, 1907 0.5372758499568919;
1908, 1908 0.5195901777690599;
1909, 1909 0.5288093532892066;
1910, 1910 -0.8002344708667667;
1911, 1911 -0.8002344708667667;
1912, 1912 -0.8002344708667667;
1913, 1913 -0.8002344708667667;
1914, 1914 -0.8002344708667667;
1915, 1915 -0.8002344708667667;
1916, 1916 -0.8002344708667667;
1917, 1917 -0.8002344708667667;
1918, 1918 -0.3124620809517511;
1919, 1919 0.525616170278765;
1920, 1920 0.545719538174503;
1921, 1921 0.5265467550418079;
1922, 1922 0.5771632674473239;
1923, 1923 0.5771632674473239;
1924, 1924 0.5771632674473239;
1925, 1925 0.5771632674473239;
1926, 1926 0.5771632674473239;
1927, 1927 0.5771632674473239;
1928, 1928 0.5771632674473239;
1929, 1929 0.5771632674473239;
1930, 1930 0.5511753194323434;
1931, 1931 0.5523157419360725;
1932, 1932 0.5637838306335732;
1933, 1933 0.5674468677155511;
1934, 1934 0.566862971393642;
1935, 1935 0.5539032100612635;
1936, 1936 0.5262411218108083;
1937, 1937 0.5313821464576196;
1938, 1938 0.5282710738674465;
1939, 1939 0.5401314679062299;
1940, 1940 0.5332889328838548;
1941, 1941 0.5332889328838548;
1942, 1942 0.536883544615609;
1943, 1943 0.5234812993517839;
1944, 1944 0.520616558022416;
1945, 1945 0.5111875447615832;
1946, 1946 0.4991081896020837;
1947, 1947 0.5141663283413238;
1948, 1948 0.5308438670358595;
1949, 1949 0.5424214362937181;
1950, 1950 0.5676521437662225;
1951, 1951 0.5638841878139011;
1952, 1952 0.5751287537006711;
1953, 1953 0.5642126294949754;
1954, 1954 0.5705625019957394;
1955, 1955 0.5652800649584657;
1956, 1956 0.5683820141686091;
1957, 1957 0.5646231815963179;
1958, 1958 0.5645593179361088;
1959, 1959 0.574795750329582;
1960, 1960 0.5825643084249854;
1961, 1961 0.5627620120702317;
1962, 1962 0.559892709050849;
1963, 1963 0.533548949214705;
1964, 1964 0.5090344270745426;
1965, 1965 0.5090344270745426;
1966, 1966 0.5242659100343494;
1967, 1967 0.5296623893219958;
1968, 1968 0.5408613383086165;
1969, 1969 0.5401314679062299;
1970, 1970 0.5416231405411076;
1971, 1971 0.549432753846645;
1972, 1972 0.5607183749435489;
1973, 1973 0.5818800549227479;
1974, 1974 0.5837412244488338;
1975, 1975 0.5531185993786978;
1976, 1976 0.5503907087497775;
1977, 1977 0.5374035772773098;
1978, 1978 0.5584649000761803;
1979, 1979 0.5366691451849082;
1980, 1980 0.5898766975188967;
1981, 1981 0.5725696456023026;
1982, 1982 0.5717074861894835;
1983, 1983 0.5402637569166626;
1984, 1984 0.5331840140135118;
1985, 1985 0.5300318862132041;
1986, 1986 0.5741799221775683;
1987, 1987 0.5885309989644965;
1988, 1988 0.5600843000314757;
1989, 1989 0.5605678391730569;
1990, 1990 0.5374583175574887;
1991, 1991 0.5440408362490134;
1992, 1992 0.5300136394531445;
1993, 1993 0.5253880857780191;
1994, 1994 0.5326685430418261;
1995, 1995 0.5398486431253049;
1996, 1996 0.5572697372922719;
1997, 1997 0.5339047610358685;
1998, 1998 0.5638112007736626;
1999, 1999 0.57354128557548;
2000, 2000 0.5372758499568919;
2001, 2001 0.5372758499568919;
2002, 2002 0.5257849528093168;
2003, 2003 0.5326411729017366;
2004, 2004 0.5088337127138862;
2005, 2005 0.5159408257571265;
2006, 2006 0.5208035873130277;
2007, 2007 0.5171542353010943;
2008, 2008 0.5281570316170736;
2009, 2009 0.5328555723324377;
2010, 2010 0.5288002299091767;
2011, 2011 0.5134045261088327;
2012, 2012 0.5816246002819125;
2013, 2013 0.5816246002819125;
2014, 2014 0.583399097697715;
2015, 2015 0.5677023223563866;
2016, 2016 0.5727931684130336;
2017, 2017 0.5556092821268424;
2018, 2018 0.5500896372087931;
2019, 2019 0.5584649000761803;
2020, 2020 0.5243434587646032;
2021, 2021 0.5242111697541705;
2022, 2022 0.5367193237750723;
2023, 2023 0.5262411218108083;
2024, 2024 0.5387492758317101;
2025, 2025 0.5387492758317101;
2026, 2026 0.5440453979390285;
2027, 2027 0.5255158130984368;
2028, 2028 0.5367831874352811;
2029, 2029 0.5564395097095571;
2030, 2030 0.5628851777006345;
2031, 2031 0.5511023323921045;
2032, 2032 0.5367466939151617;
2033, 2033 0.5619500312475767;
2034, 2034 0.5523294270061172;
2035, 2035 0.55683181505084;
2036, 2036 0.5594775952594917;
2037, 2037 0.5574476432028539;
2038, 2038 0.562470063909277;
2039, 2039 0.5664934745024337;
2040, 2040 0.5570462144815411;
2041, 2041 0.5685234265590715;
2042, 2042 0.5629216712207539;
2043, 2043 0.5607457450836386;
2044, 2044 0.5867838716887832;
2045, 2045 0.5568181299807953;
2046, 2046 0.5692943521715925;
2047, 2047 0.5731489802341971;
2048, 2048 0.5773913519480698;
2049, 2049 0.590410415250642;
2050, 2050 0.5780801671403222;
2051, 2051 0.5724647267319596;
2052, 2052 0.5766113029555189;
2053, 2053 0.5714657166186929;
2054, 2054 0.5632820447319324;
2055, 2055 0.5732174055844208;
2056, 2056 0.5748094353996269;
2057, 2057 0.5648877596171831;
2058, 2058 0.5357476838018949;
2059, 2059 0.582687474055388;
2060, 2060 0.5271306513637173;
2061, 2061 0.5382885451402035;
2062, 2062 0.5213327433547581;
2063, 2063 0.5154937801356647;
2064, 2064 0.549934539748286;
2065, 2065 0.5499254163682561;
2066, 2066 0.5392693084934106;
2067, 2067 0.5493415200463467;
2068, 2068 0.5484428671134081;
2069, 2069 0.5431923619062391;
2070, 2070 0.539898821715469;
2071, 2071 0.530145928463577;
2072, 2072 0.5367421322251467;
2073, 2073 0.5369884634859521;
2074, 2074 0.5323857182609013;
2075, 2075 0.5332570010537503;
2076, 2076 0.5323720331908566;
2077, 2077 0.5473799933399326;
2078, 2078 0.5402911270567521;
2079, 2079 0.5491499290657202;
2080, 2080 0.5313182827974108;
2081, 2081 0.5425081084040015;
2082, 2082 0.5586701761268515;
2083, 2083 0.5578445102341516;
2084, 2084 0.546531518997158;
2085, 2085 0.546531518997158;
2086, 2086 0.5465132722370984;
2087, 2087 0.5343609300373602;
2088, 2088 0.5427909331849263;
2089, 2089 0.5426540824844788;
2090, 2090 0.5361582359032375;
2091, 2091 0.5226784419091584;
2092, 2092 0.5249456018465721;
2093, 2093 0.5394289676439328;
2094, 2094 0.514325987491846;
2095, 2095 0.5450672165023698;
2096, 2096 0.524836121286214;
2097, 2097 0.5418649101118982;
2098, 2098 0.5204021585917151;
2099, 2099 0.4931962393427516;
2100, 2100 0.490112536892668;
2101, 2101 0.48694672402231576;
2102, 2102 0.5093993622757358;
2103, 2103 0.521282564764594;
2104, 2104 0.5238964131431412;
2105, 2105 0.532946806132736;
2106, 2106 0.5184497552653307;
2107, 2107 0.5345662060880314;
2108, 2108 0.5052162925320574;
2109, 2109 0.5052162925320574;
2110, 2110 0.5058138739240114;
2111, 2111 0.5114931779925826;
2112, 2112 0.5088017808837817;
2113, 2113 0.49528093167956855;
2114, 2114 0.5106401419597932;
2115, 2115 0.3402382114525788;
2116, 2116 -0.6241030577008171;
2117, 2117 -0.8769073566374872;
2118, 2118 -0.977383140906043;
2119, 2119 -0.970093560262206;
2120, 2120 -0.8777968861903959;
2121, 2121 -0.6819954656801253;
2122, 2122 0.1857018388172449;
2123, 2123 0.5528631447378625;
2124, 2124 0.5579448674144796;
2125, 2125 0.5499755949584202;
2126, 2126 0.5587157930270006;
2127, 2127 0.5604264267825945;
2128, 2128 0.550377023679733;
2129, 2129 0.5372895350269369;
2130, 2130 0.5417873613816446;
2131, 2131 0.542316517423375;
2132, 2132 0.5515174461834622;
2133, 2133 0.5280293042966557;
2134, 2134 0.5547516844040379;
2135, 2135 0.5519371216648343;
2136, 2136 0.5323902799509161;
2137, 2137 0.5290009442698331;
2138, 2138 0.5156078223860374;
2139, 2139 0.511634590383045;
2140, 2140 0.536285963223655;
2141, 2141 0.5444468266603413;
2142, 2142 0.5411076695694221;
2143, 2143 0.5451721353727128;
2144, 2144 0.5412445202698697;
2145, 2145 0.5296076490418169;
2146, 2146 0.5480003831819613;
2147, 2147 0.5271032812236278;
2148, 2148 0.5421979134829871;
2149, 2149 0.5589803710478658;
2150, 2150 0.5460342947855321;
2151, 2151 0.5412673287199441;
2152, 2152 0.5438629303384317;
2153, 2153 0.5528266512177431;
2154, 2154 0.5420884329226292;
2155, 2155 0.5570735846216306;
2156, 2156 0.5488306107646761;
2157, 2157 0.554696944123859;
2158, 2158 0.5445791156707738;
2159, 2159 0.5670408773042237;
2160, 2160 0.5514809526633426;
2161, 2161 0.5680672575575798;
2162, 2162 0.5659004548004944;
2163, 2163 0.5565672370299748;
2164, 2164 0.544944050871967;
2165, 2165 0.545600934234115;
2166, 2166 0.5686009752893251;
2167, 2167 0.5351592257899707;
2168, 2168 0.5467596034979039;
2169, 2169 0.5561566849286323;
2170, 2170 0.5579813609345989;
2171, 2171 0.5557005159271406;
2172, 2172 0.577432407158204;
2173, 2173 0.5561110680284831;
2174, 2174 0.569043459220772;
2175, 2175 0.5426084655843297;
2176, 2176 0.5398121496051858;
2177, 2177 0.5384436426007106;
2178, 2178 0.5274955865649105;
2179, 2179 0.5375814831878913;
2180, 2180 0.5724510416619149;
2181, 2181 0.5575023834830328;
2182, 2182 0.5463536130865763;
2183, 2183 0.5635101292326781;
2184, 2184 0.5586519293667918;
2185, 2185 0.5546467655336949;
2186, 2186 0.5526350602371166;
2187, 2187 0.5521059041953864;
2188, 2188 0.5555454184666335;
2189, 2189 0.5601253552416099;
2190, 2190 0.5634097720523499;
2191, 2191 0.551964491804924;
2192, 2192 0.5493187115962721;
2193, 2193 0.5522929334859978;
2194, 2194 0.5411396013995267;
2195, 2195 0.5503131600195239;
2196, 2196 0.5360122618227601;
2197, 2197 0.552936131778101;
2198, 2198 0.539415282573888;
2199, 2199 0.5507693290210156;
2200, 2200 0.5579539907945095;
2201, 2201 0.5287089961088784;
2202, 2202 0.5299041588927866;
2203, 2203 0.542918660505344;
2204, 2204 0.5594137315992829;
2205, 2205 0.5594137315992829;
2206, 2206 0.5594137315992829;
2207, 2207 0.5547744928541125;
2208, 2208 0.5541586647020988;
2209, 2209 0.5469329477184708;
2210, 2210 0.5594411017393723;
2211, 2211 0.5613250797155331;
2212, 2212 0.568445877828818;
2213, 2213 0.5639024345739609;
2214, 2214 0.5564577564696169;
2215, 2215 0.5144719615723234;
2216, 2216 0.5353371317005524;
2217, 2217 0.5291013014501611;
2218, 2218 0.5465497657572176;
2219, 2219 0.5380467755694129;
2220, 2220 0.5505549295903147;
2221, 2221 0.5614893005560699;
2222, 2222 0.5458427038049056;
2223, 2223 0.5466820547676503;
2224, 2224 0.5511023323921045;
2225, 2225 0.5618952909673978;
2226, 2226 0.5630904537513057;
2227, 2227 0.5633276616320815;
2228, 2228 0.5479228344517078;
2229, 2229 0.5434888717572086;
2230, 2230 0.5428502351551203;
2231, 2231 0.5372256713667278;
2232, 2232 0.5319569193994991;
2233, 2233 0.5289142721595497;
2234, 2234 0.514325987491846;
2235, 2235 0.5226008931789048;
2236, 2236 0.49452825282710733;
2237, 2237 0.4992632870625908;
2238, 2238 0.6233777489884451;
2239, 2239 0.528950765679669;
2240, 2240 0.5313000360373512;
2241, 2241 0.5200691552206262;
2242, 2242 0.5170310696706915;
2243, 2243 0.5239694001833799;
2244, 2244 0.5340461734263309;
2245, 2245 0.5372667265768623;
2246, 2246 0.5140614094709808;
2247, 2247 0.5201923208510288;
2248, 2248 0.5341465306066591;
2249, 2249 0.5329832996528554;
2250, 2250 0.5225826464188452;
2251, 2251 0.5421340498227782;
2252, 2252 0.5190838301774041;
2253, 2253 0.5256982806990333;
2254, 2254 0.5166113941893193;
2255, 2255 0.5136554190596532;
2256, 2256 0.5139519289106227;
2257, 2257 0.5421705433428976;
2258, 2258 0.5587386014770752;
2259, 2259 0.5275548885351045;
2260, 2260 0.5561110680284831;
2261, 2261 0.5625430509495157;
2262, 2262 0.5579083738943604;
2263, 2263 0.561329641405548;
2264, 2264 0.5687378259897728;
2265, 2265 0.5449212424218925;
2266, 2266 0.5727977301030485;
2267, 2267 0.5859582057960835;
2268, 2268 0.5960577874891089;
2269, 2269 0.5723917396917209;
2270, 2270 0.584224763590415;
2271, 2271 0.557169380111944;
2272, 2272 0.5827194058854923;
2273, 2273 0.5518641346245956;
2274, 2274 0.5604401118526392;
2275, 2275 0.5296532659419662;
2276, 2276 0.5661285393012403;
2277, 2277 0.5661285393012403;
2278, 2278 0.559126345128343;
2279, 2279 0.5700424693340387;
2280, 2280 0.5497064552475401;
2281, 2281 0.5459932395753979;
2282, 2282 0.5701884434145161;
2283, 2283 0.557260613912242;
2284, 2284 0.5358571643622527;
2285, 2285 0.5266334271520914;
2286, 2286 0.5336812382251375;
2287, 2287 0.5296350191819064;
2288, 2288 0.5135824320194144;
2289, 2289 0.5143031790417714;
2290, 2290 0.5204888307019986;
2291, 2291 0.5282710738674465;
2292, 2292 0.5050383866214754;
2293, 2293 0.4862122919299141;
2294, 2294 0.501343417709393;
2295, 2295 0.5264190277213903;
2296, 2296 0.5603351929822962;
2297, 2297 0.5720359278705576;
2298, 2298 0.5780892905203521;
2299, 2299 0.5772909947677416;
2300, 2300 0.539022977232605;
2301, 2301 0.539022977232605;
2302, 2302 0.5350223750895231;
2303, 2303 0.5435527354174174;
2304, 2304 0.5478316006514092;
2305, 2305 0.5275959437452389;
2306, 2306 0.5282801972474762;
2307, 2307 0.5336401830150035;
2308, 2308 0.5404918414174082;
2309, 2309 0.535355378460612;
2310, 2310 0.5164334882787374;
2311, 2311 0.4946240483174207;
2312, 2312 0.43169553456164445;
2313, 2313 0.40975380558989505;
2314, 2314 0.40145152976274634;
2315, 2315 0.44267552242754893;
2316, 2316 0.4353859417837118;
2317, 2317 0.4471961572323315;
2318, 2318 -0.4341451620996547;
2319, 2319 -0.4341451620996547;
2320, 2320 -0.4341451620996547;
2321, 2321 -0.4341451620996547;
2322, 2322 -0.4341451620996547;
2323, 2323 -0.4341451620996547;
2324, 2324 -0.4341451620996547;
2325, 2325 -0.4341451620996547;
2326, 2326 0.49931802734277;
2327, 2327 0.5435025568272533;
2328, 2328 0.5405739518376769;
2329, 2329 0.5186869631461064;
2330, 2330 0.48745307161397156;
2331, 2331 0.4830145472294576;
2332, 2332 0.49112523207597936;
2333, 2333 0.49612484433232806;
2334, 2334 0.5308393053458444;
2335, 2335 0.5575981789733462;
2336, 2336 0.5418877185619728;
2337, 2337 0.5521697678555952;
2338, 2338 0.5417782380016147;
2339, 2339 0.5632044960016787;
2340, 2340 0.5670408773042237;
2341, 2341 0.576114078743893;
2342, 2342 0.5385485614710537;
2343, 2343 0.4930548269522892;
2344, 2344 0.4958921981415676;
2345, 2345 0.4874667566840163;
2346, 2346 0.4926990151311259;
2347, 2347 0.4917638686780679;
2348, 2348 0.569043459220772;
2349, 2349 0.569043459220772;
2350, 2350 0.5710870963474548;
2351, 2351 0.5584375299360906;
2352, 2352 0.5460297330955173;
2353, 2353 0.5238872897631115;
2354, 2354 0.5381927496498904;
2355, 2355 0.521401168704982;
2356, 2356 0.5185774825857483;
2357, 2357 0.5227194971192928;
2358, 2358 0.5178658589434215;
2359, 2359 0.5401679614263493;
2360, 2360 0.5250368356468704;
2361, 2361 0.5761779424041018;
2362, 2362 0.5644407139957213;
2363, 2363 0.5821628797036726;
2364, 2364 0.5570097209614218;
2365, 2365 0.5289872591997882;
2366, 2366 0.4969687569850878;
2367, 2367 0.4752916060342034;
2368, 2368 0.4721987802040901;
2369, 2369 0.4890907183293265;
2370, 2370 0.5358571643622527;
2371, 2371 0.5735047920553606;
2372, 2372 0.5144810849523531;
2373, 2373 0.5144810849523531;
2374, 2374 0.5196768498793434;
2375, 2375 0.5148870753636807;
2376, 2376 0.5374263857273842;
2377, 2377 0.5797406223057517;
2378, 2378 0.5986351423475369;
2379, 2379 0.5874909336410952;
2380, 2380 0.5463901066066956;
2381, 2381 0.5035193438465082;
2382, 2382 0.4840682976229034;
2383, 2383 0.4891408969194906;
2384, 2384 0.5497748805977638;
2385, 2385 0.5497748805977638;
2386, 2386 0.5598060369405655;
2387, 2387 0.5362403463235059;
2388, 2388 0.5252375500075268;
2389, 2389 0.5202060059210736;
2390, 2390 0.5295255386215485;
2391, 2391 0.5357157519717903;
2392, 2392 0.5530775441685634;
2393, 2393 0.5472477043295001;
2394, 2394 0.587719018141841;
2395, 2395 0.5402455101566028;
2396, 2396 0.540345867336931;
2397, 2397 0.540345867336931;
2398, 2398 0.5403595524069758;
2399, 2399 0.5333208647139591;
2400, 2400 0.5395840651044399;
2401, 2401 0.5411943416797056;
2402, 2402 0.5844300396410862;
2403, 2403 0.5802195997573181;
2404, 2404 0.5778019040494122;
2405, 2405 0.5597284882103122;
2406, 2406 0.5400676042460211;
2407, 2407 0.5116802072831941;
2408, 2408 0.5084505307526332;
2409, 2409 0.5084505307526332;
2410, 2410 0.5109868304009269;
2411, 2411 0.5499847183384501;
2412, 2412 0.592216844496549;
2413, 2413 0.5847447962521155;
2414, 2414 0.5604674819927287;
2415, 2415 0.5203109247914166;
2416, 2416 0.5046004643800435;
2417, 2417 0.4803733287108207;
2418, 2418 0.47698855471975254;
2419, 2419 0.48577893137849704;
2420, 2420 0.5315372439181267;
2421, 2421 0.5315372439181267;
2422, 2422 0.49851516990014466;
2423, 2423 0.5156488775961718;
2424, 2424 0.527422599524672;
2425, 2425 0.5293476327109667;
2426, 2426 0.5597832284904911;
2427, 2427 0.5761642573340571;
2428, 2428 0.5669542051939402;
2429, 2429 0.5515174461834622;
2430, 2430 0.520411281971745;
2431, 2431 0.4759256809462771;
2432, 2432 0.5390503473726944;
2433, 2433 0.5390503473726944;
2434, 2434 0.5297764315723688;
2435, 2435 0.5170812482608556;
2436, 2436 0.5339959948361668;
2437, 2437 0.5062837279955477;
2438, 2438 0.5230479388003666;
2439, 2439 0.5279745640164768;
2440, 2440 0.5471884023593061;
2441, 2441 0.5462076390060988;
2442, 2442 0.5758130072029084;
2443, 2443 0.5599474493310281;
2444, 2444 0.5759224877632665;
2445, 2445 0.5759224877632665;
2446, 2446 0.5686557155695042;
2447, 2447 0.544994229462131;
2448, 2448 0.49095188785541266;
2449, 2449 0.5098053526870636;
2450, 2450 0.5243252120045434;
2451, 2451 0.5155713288659183;
2452, 2452 0.5048650424009087;
2453, 2453 0.5441685635694311;
2454, 2454 0.5675335398258345;
2455, 2455 0.5782535113608889;
2456, 2456 0.563624171483051;
2457, 2457 0.5686876473996085;
2458, 2458 0.5259263651997792;
2459, 2459 0.5000707061952312;
2460, 2460 0.45928463577186074;
2461, 2461 0.4719935041534187;
2462, 2462 0.5063840851758761;
2463, 2463 0.595400904126961;
2464, 2464 0.6444253867172709;
2465, 2465 0.6505198045771996;
2466, 2466 0.6303845048513574;
2467, 2467 0.4837261708717846;
2468, 2468 0.5788784628929327;
2469, 2469 0.5788784628929327;
2470, 2470 0.5465543274472326;
2471, 2471 0.5135687469493699;
2472, 2472 0.4760214764365902;
2473, 2473 0.4763772882577537;
2474, 2474 0.4936752167943179;
2475, 2475 0.5983660026366568;
2476, 2476 0.62695411396014;
2477, 2477 0.6582108139423493;
2478, 2478 0.6346588083953342;
2479, 2479 0.5249638486066319;
2480, 2480 0.5486344580940348;
2481, 2481 0.5486344580940348;
2482, 2482 0.5197270284695075;
2483, 2483 0.538863318082083;
2484, 2484 0.5567314578705118;
2485, 2485 0.5549067818645452;
2486, 2486 0.556179493378707;
2487, 2487 0.5245168029851699;
2488, 2488 0.48435112240382816;
2489, 2489 0.47708891190008074;
2490, 2490 0.4997194560640825;
2491, 2491 0.5733496945948535;
2492, 2492 0.5849865658229061;
2493, 2493 0.5849865658229061;
2494, 2494 0.5849865658229061;
2495, 2495 0.5855202835546514;
2496, 2496 0.5615029856261147;
2497, 2497 0.5409297636588404;
2498, 2498 0.5412582053399142;
2499, 2499 0.5306340292951732;
2500, 2500 0.5275594502251195;
2501, 2501 0.5382748600701588;
2502, 2502 0.5462076390060988;
2503, 2503 0.5372621648868474;
2504, 2504 0.5479365195217523;
2505, 2505 0.5493916986365108;
2506, 2506 0.5653712987587642;
2507, 2507 0.5849728807528611;
2508, 2508 0.6088943831910847;
2509, 2509 0.5974171711135541;
2510, 2510 0.612821998293928;
2511, 2511 0.5771951992774282;
2512, 2512 0.537873431348846;
2513, 2513 0.5339868714561371;
2514, 2514 0.5185364273756141;
2515, 2515 0.5411578481595862;
2516, 2516 0.5723506844815867;
2517, 2517 0.5723506844815867;
2518, 2518 0.5839236920494306;
2519, 2519 0.576114078743893;
2520, 2520 0.6022662475994107;
2521, 2521 0.617525100699307;
2522, 2522 0.10187622310313538;
2523, 2523 0.10187622310313538;
2524, 2524 0.10187622310313538;
2525, 2525 0.10187622310313538;
2526, 2526 0.10187622310313538;
2527, 2527 0.10187622310313538;
2528, 2528 0.10187622310313538;
2529, 2529 0.10187622310313538;
2530, 2530 0.580055378916781;
2531, 2531 0.5910672986127901;
2532, 2532 0.5978459699749563;
2533, 2533 0.6147972100703869;
2534, 2534 0.5969108235218983;
2535, 2535 0.5624153236290981;
2536, 2536 0.5369839017959375;
2537, 2537 0.562365145038934;
2538, 2538 0.6177623085800827;
2539, 2539 0.6057148852506877;
2540, 2540 0.6057148852506877;
2541, 2541 0.6057148852506877;
2542, 2542 0.6179903930808286;
2543, 2543 0.6232910768781617;
2544, 2544 0.60174621493771;
2545, 2545 0.572063298010647;
2546, 2546 0.5519371216648343;
2547, 2547 0.5815516132416736;
2548, 2548 0.6454928221807614;
2549, 2549 0.7940396958265099;
2550, 2550 0.6060935055219259;
2551, 2551 0.6060935055219259;
2552, 2552 0.6060935055219259;
2553, 2553 0.6060935055219259;
2554, 2554 0.6197010268364223;
2555, 2555 0.6152442556918487;
2556, 2556 0.6058289275010607;
2557, 2557 0.5685781668392504;
2558, 2558 0.5607959236738025;
2559, 2559 0.6163116911553392;
2560, 2560 0.7729920580976839;
2561, 2561 0.8769849053677408;
2562, 2562 0.5930835655993834;
2563, 2563 0.5930835655993834;
2564, 2564 0.5930835655993834;
2565, 2565 0.5930835655993834;
2566, 2566 0.6064128238229698;
2567, 2567 0.6271913218409155;
2568, 2568 0.5938681762819489;
2569, 2569 0.5676658288362673;
2570, 2570 0.5636743500732151;
2571, 2571 0.6276246823923326;
2572, 2572 0.7996505745448574;
2573, 2573 0.8940684344736038;
2574, 2574 0.6112892704489159;
2575, 2575 0.6112892704489159;
2576, 2576 0.6112892704489159;
2577, 2577 0.6112892704489159;
2578, 2578 0.620809517510047;
2579, 2579 0.6250518892239196;
2580, 2580 0.5626479698198588;
2581, 2581 0.5532645734591752;
2582, 2582 0.5866105274682165;
2583, 2583 0.709671239000625;
2584, 2584 0.8224818330695154;
2585, 2585 0.9666357992308989;
2586, 2586 0.8164421554897658;
2587, 2587 0.3853350789400456;
2588, 2588 0.6129634106843904;
2589, 2589 0.6129634106843904;
2590, 2590 0.6309410310331771;
2591, 2591 0.6014998836769045;
2592, 2592 0.6255992920257096;
2593, 2593 0.5654214773489283;
2594, 2594 0.5636743500732151;
2595, 2595 0.5306978929553821;
2596, 2596 0.5723506844815867;
2597, 2597 0.6183325198319474;
2598, 2598 0.6981301632628856;
2599, 2599 0.7724081617757748;
2600, 2600 0.6000857597722804;
2601, 2601 0.6000857597722804;
2602, 2602 0.5770127316768316;
2603, 2603 0.588663287974929;
2604, 2604 0.584936387232742;
2605, 2605 0.569650163992756;
2606, 2606 0.5609966380344589;
2607, 2607 0.5493187115962721;
2608, 2608 0.5354283655008509;
2609, 2609 0.552124150955446;
2610, 2610 0.593047072079264;
2611, 2611 0.631985658046593;
2612, 2612 0.5474529803801711;
2613, 2613 0.5474529803801711;
2614, 2614 0.5474529803801711;
2615, 2615 0.5474529803801711;
2616, 2616 0.5474529803801711;
2617, 2617 0.5474529803801711;
2618, 2618 0.5481281105023788;
2619, 2619 0.5241746762340513;
2620, 2620 0.5446885962311316;
2621, 2621 0.5610240081745483;
2622, 2622 0.6165990776262789;
2623, 2623 0.7193739536623529;
2624, 2624 0.5409252019688253;
2625, 2625 0.5409252019688253;
2626, 2626 0.5451310801625786;
2627, 2627 0.5426495207944639;
2628, 2628 0.575402455101566;
2629, 2629 0.5713151808482004;
2630, 2630 0.5907662270718057;
2631, 2631 0.609856899784232;
2632, 2632 0.6112390918587518;
2633, 2633 0.6235282847589374;
2634, 2634 0.6145235086694918;
2635, 2635 0.579622018365364;
2636, 2636 0.5564896882997212;
2637, 2637 0.5564896882997212;
2638, 2638 0.5415136599807495;
2639, 2639 0.5341100370865397;
2640, 2640 0.5034965353964338;
2641, 2641 0.5150239260641283;
2642, 2642 0.5250003421267511;
2643, 2643 0.5579083738943604;
2644, 2644 0.5944292641537836;
2645, 2645 0.6099070783743963;
2646, 2646 0.6210832189109421;
2647, 2647 0.5999625941418776;
2648, 2648 0.5675517865858943;
2649, 2649 0.5675517865858943;
2650, 2650 0.5651386525680033;
2651, 2651 0.5406971174680795;
2652, 2652 0.5295620321416679;
2653, 2653 0.5341191604665696;
2654, 2654 0.5447022813011766;
2655, 2655 0.5497429487676593;
2656, 2656 0.57080427156653;
2657, 2657 0.5969746871821071;
2658, 2658 0.608378912219399;
2659, 2659 0.6116542056501093;
2660, 2660 0.5883211612238102;
2661, 2661 0.5883211612238102;
2662, 2662 0.5834355912178344;
2663, 2663 0.5695269983623534;
2664, 2664 0.5366189665947438;
2665, 2665 0.5284809116081326;
2666, 2666 0.5410529292892432;
2667, 2667 0.5425582869941654;
2668, 2668 0.5665117212624933;
2669, 2669 0.5972118950628829;
2670, 2670 0.6086662986903388;
2671, 2671 0.6088943831910847;
2672, 2672 0.5548520415843663;
2673, 2673 0.5548520415843663;
2674, 2674 0.53656878800458;
2675, 2675 0.523253214851038;
2676, 2676 0.5510521538019406;
2677, 2677 0.5553355807259475;
2678, 2678 0.5607092515635193;
2679, 2679 0.5586792995068812;
2680, 2680 0.573039499673839;
2681, 2681 0.5697322744130244;
2682, 2682 0.5520146703950879;
2683, 2683 0.5501398157989572;
2684, 2684 0.5433383359867163;
2685, 2685 0.5433383359867163;
2686, 2686 0.5433383359867163;
2687, 2687 0.5520374788451625;
2688, 2688 0.5751424387707158;
2689, 2689 0.5869709009793949;
2690, 2690 0.5767116601358473;
2691, 2691 0.5949356117454394;
2692, 2692 0.6218222126933586;
2693, 2693 0.6009159873549954;
2694, 2694 0.5728798405233171;
2695, 2695 0.5340552968063608;
2696, 2696 0.5554952398764694;
2697, 2697 0.5554952398764694;
2698, 2698 0.5368196809554002;
2699, 2699 0.5494829324368093;
2700, 2700 0.5224503574084127;
2701, 2701 0.5063430299657417;
2702, 2702 0.4902265791430409;
2703, 2703 0.505772818713877;
2704, 2704 0.5278240282459845;
2705, 2705 0.5589803710478658;
2706, 2706 0.5646231815963179;
2707, 2707 0.5641396424547365;
2708, 2708 0.5919568281656988;
2709, 2709 0.605199414279002;
2710, 2710 0.5757765136827893;
2711, 2711 0.54395416413873;
2712, 2712 0.49912643636214327;
2713, 2713 0.5178612972534065;
2714, 2714 0.49703262064529663;
2715, 2715 0.5290191910298927;
2716, 2716 0.5507100270508218;
2717, 2717 0.5678026795367148;
2718, 2718 0.6025718808304099;
2719, 2719 0.6796918122225923;
2720, 2720 0.5257849528093168;
2721, 2721 0.5257849528093168;
2722, 2722 0.5209860549136243;
2723, 2723 0.5493643284964214;
2724, 2724 0.5524206608064157;
2725, 2725 0.5773913519480698;
2726, 2726 0.09469156132964152;
2727, 2727 0.46023802898497834;
2728, 2728 0.46023802898497834;
2729, 2729 0.46023802898497834;
2730, 2730 0.46023802898497834;
2731, 2731 0.46023802898497834;
2732, 2732 0.46023802898497834;
2733, 2733 0.46023802898497834;
2734, 2734 0.5010742779985127;
2735, 2735 0.5190564600373146;
2736, 2736 0.5192069958078067;
2737, 2737 0.5458974440850846;
2738, 2738 0.572551398842243;
2739, 2739 0.5808627980494214;
2740, 2740 0.5779615631999342;
2741, 2741 0.6072704215457743;
2742, 2742 0.5392921169434852;
2743, 2743 0.5006682875871853;
2744, 2744 0.5836636757185802;
2745, 2745 0.5836636757185802;
2746, 2746 0.5720131194204829;
2747, 2747 0.5407244876081689;
2748, 2748 0.5003489692861411;
2749, 2749 0.5072827381088145;
2750, 2750 0.5481874124725727;
2751, 2751 0.5941099458527395;
2752, 2752 0.6347044252954834;
2753, 2753 0.6861922204938486;
2754, 2754 0.6062121094623134;
2755, 2755 0.5619135377274573;
2756, 2756 0.38047231738414444;
2757, 2757 0.38047231738414444;
2758, 2758 0.38047231738414444;
2759, 2759 0.4260846558432967;
2760, 2760 0.4510507852949359;
2761, 2761 0.46854486650214167;
2762, 2762 0.5780573586902475;
2763, 2763 0.5727612365829291;
2764, 2764 0.5154937801356647;
2765, 2765 0.5020139861415858;
2766, 2766 0.5169808910805276;
2767, 2767 0.5776011896887558;
2768, 2768 0.5745402956887466;
2769, 2769 0.5745402956887466;
2770, 2770 0.5516999137840586;
2771, 2771 0.5310719515366054;
2772, 2772 0.5351227322698513;
2773, 2773 0.5313867081476344;
2774, 2774 0.5519873002549984;
2775, 2775 0.5663201302818668;
2776, 2776 0.5936264067111583;
2777, 2777 0.5647874024368547;
2778, 2778 0.5481372338824086;
2779, 2779 0.4990990662220538;
2780, 2780 0.5217524188361304;
2781, 2781 0.5217524188361304;
2782, 2782 0.5432972807765821;
2783, 2783 0.5244939945350953;
2784, 2784 0.5296076490418169;
2785, 2785 0.5226921269792033;
2786, 2786 0.5615668492863235;
2787, 2787 0.5817067107021809;
2788, 2788 0.5776604916589498;
2789, 2789 0.5821127011135085;
2790, 2790 0.5842612571105343;
2791, 2791 0.5965686967707795;
2792, 2792 0.5712102619778574;
2793, 2793 0.5712102619778574;
2794, 2794 0.5286086389285503;
2795, 2795 0.512962042177386;
2796, 2796 0.48632633418028703;
2797, 2797 0.4891408969194906;
2798, 2798 0.5149235688838001;
2799, 2799 0.5272036384039558;
2800, 2800 0.5296988828421152;
2801, 2801 0.5522838101059679;
2802, 2802 0.5501808710090914;
2803, 2803 0.5557506945173047;
2804, 2804 0.5439952193488644;
2805, 2805 0.5439952193488644;
2806, 2806 0.5605678391730569;
2807, 2807 0.5829839839063578;
2808, 2808 0.5724510416619149;
2809, 2809 0.5604309884726093;
2810, 2810 0.5395840651044399;
2811, 2811 0.5206393664724909;
2812, 2812 0.5069953516378747;
2813, 2813 0.5205618177422371;
2814, 2814 0.5247950660760798;
2815, 2815 0.519964236350283;
2816, 2816 0.5159636342072011;
2817, 2817 0.5505047510001504;
2818, 2818 0.5618314273071887;
2819, 2819 0.5620138949077853;
2820, 2820 0.5746452145590899;
2821, 2821 0.5457514700046073;
2822, 2822 0.503254765825643;
2823, 2823 0.4936752167943179;
2824, 2824 0.483484401300994;
2825, 2825 0.5163285694083943;
2826, 2826 0.6190943220644385;
2827, 2827 0.6845408887084485;
2828, 2828 0.5903739217305226;
2829, 2829 0.5903739217305226;
2830, 2830 0.5636104864130063;
2831, 2831 0.556996035891377;
2832, 2832 0.5148961987437106;
2833, 2833 0.4632031274946742;
2834, 2834 0.4702828703978248;
2835, 2835 0.5026982396438233;
2836, 2836 0.5845805754115785;
2837, 2837 0.661951399754581;
2838, 2838 0.6902201927770202;
2839, 2839 0.6402286319035475;
2840, 2840 0.5636834734532448;
2841, 2841 0.5636834734532448;
2842, 2842 0.5559696556380207;
2843, 2843 0.5401177828361852;
2844, 2844 0.4946240483174207;
2845, 2845 0.498816241441129;
2846, 2846 0.5243799522847223;
2847, 2847 0.6227208656262972;
2848, 2848 0.6923733104640606;
2849, 2849 0.7271561968278006;
2850, 2850 0.6577318364907829;
2851, 2851 0.4665422845855933;
2852, 2852 0.5743578280881501;
2853, 2853 0.5743578280881501;
2854, 2854 0.5511114557721344;
2855, 2855 0.5777152319391288;
2856, 2856 0.5623514599688892;
2857, 2857 0.5358343559121783;
2858, 2858 0.4800950656199108;
2859, 2859 0.527632437265358;
2860, 2860 0.6024487152000071;
2861, 2861 0.6829351738231979;
2862, 2862 0.6634430723894587;
2863, 2863 0.5802241614473329;
2864, 2864 0.52150152588531;
2865, 2865 0.52150152588531;
2866, 2866 0.5441959337095206;
2867, 2867 0.5637336520434091;
2868, 2868 0.6010665231254875;
2869, 2869 0.5570735846216306;
2870, 2870 0.50670340347692;
2871, 2871 0.5032182723055239;
2872, 2872 0.5175009237422281;
2873, 2873 0.6110246924280507;
2874, 2874 0.6622068543954163;
2875, 2875 0.6707280913432809;
2876, 2876 0.5537982911909205;
2877, 2877 0.5537982911909205;
2878, 2878 0.5537982911909205;
2879, 2879 0.5570963930717052;
2880, 2880 0.5671412344845519;
2881, 2881 0.592764247298339;
2882, 2882 0.602029039718635;
2883, 2883 0.5933572670002782;
2884, 2884 0.61407646304803;
2885, 2885 0.535250459590269;
2886, 2886 0.5224001788182484;
2887, 2887 0.540774666198333;
2888, 2888 0.5066760333368305;
2889, 2889 0.5066760333368305;
2890, 2890 0.5301185583234875;
2891, 2891 0.542092994612644;
2892, 2892 0.575242795951044;
2893, 2893 0.5704621448154112;
2894, 2894 0.5808126194592573;
2895, 2895 0.5884215184041384;
2896, 2896 0.5766477964756382;
2897, 2897 0.5513897188630443;
2898, 2898 0.524402760734797;
2899, 2899 0.4938257525648102;
2900, 2900 0.5550299474949478;
2901, 2901 0.5550299474949478;
2902, 2902 0.5626707782699334;
2903, 2903 0.5821856881537473;
2904, 2904 0.5785363361418139;
2905, 2905 0.5602029039718635;
2906, 2906 0.5459932395753979;
2907, 2907 0.5085372028629167;
2908, 2908 0.5170949333309005;
2909, 2909 0.5004402030864394;
2910, 2910 0.5446110475008781;
2911, 2911 0.6066637167737903;
2912, 2912 0.5187417034262853;
2913, 2913 0.5187417034262853;
2914, 2914 0.5650063635575708;
2915, 2915 0.5678254879867894;
2916, 2916 0.5777334786991883;
2917, 2917 0.5827923929257313;
2918, 2918 0.5508012608511201;
2919, 2919 0.5251873714173627;
2920, 2920 0.5066258547466664;
2921, 2921 0.5299132822728165;
2922, 2922 0.6007472048244433;
2923, 2923 0.6486814435011883;
2924, 2924 0.5568135682907802;
2925, 2925 0.5568135682907802;
2926, 2926 0.5723780546216763;
2927, 2927 0.5724008630717508;
2928, 2928 0.5511798811223583;
2929, 2929 0.4724496731549104;
2930, 2930 -0.4675139245587706;
2931, 2931 -0.8164330321097361;
2932, 2932 0.5093491836855719;
2933, 2933 0.5093491836855719;
2934, 2934 0.5093491836855719;
2935, 2935 0.5093491836855719;
2936, 2936 0.5093491836855719;
2937, 2937 0.5093491836855719;
2938, 2938 0.53902753892262;
2939, 2939 0.5462760643563227;
2940, 2940 0.5530684207885337;
2941, 2941 0.5697413977930543;
2942, 2942 0.5743122111880008;
2943, 2943 0.5513076084427759;
2944, 2944 0.49073748842471154;
2945, 2945 0.5058001888539665;
2946, 2946 0.5404325394472145;
2947, 2947 0.6383811474475063;
2948, 2948 0.48870753636807374;
2949, 2949 0.48870753636807374;
2950, 2950 0.4760716550267543;
2951, 2951 0.49978331972429135;
2952, 2952 0.522213149527637;
2953, 2953 0.5743122111880008;
2954, 2954 0.5851644717334878;
2955, 2955 0.5622374177185163;
2956, 2956 0.5236272734322611;
2957, 2957 0.49425455142621244;
2958, 2958 0.5255431832385262;
2959, 2959 0.6159513176441609;
2960, 2960 0.5561110680284831;
2961, 2961 0.5561110680284831;
2962, 2962 0.5478863409315884;
2963, 2963 0.5347395503085983;
2964, 2964 0.5119219768539849;
2965, 2965 0.5091849628450349;
2966, 2966 0.5180163947139136;
2967, 2967 0.5333847283741682;
2968, 2968 0.5608232938138922;
2969, 2969 0.5700424693340387;
2970, 2970 0.5634097720523499;
2971, 2971 0.5227149354292777;
2972, 2972 0.5430783196558662;
2973, 2973 0.5430783196558662;
2974, 2974 0.5380285288093534;
2975, 2975 0.5543867492028447;
2976, 2976 0.5851735951135175;
2977, 2977 0.5950496539958123;
2978, 2978 0.5741525520374788;
2979, 2979 0.5426130272743446;
2980, 2980 0.5258989950596897;
2981, 2981 0.5022375089523166;
2982, 2982 0.5160503063174846;
2983, 2983 0.5350497452296126;
2984, 2984 0.5260358457601373;
2985, 2985 0.5260358457601373;
2986, 2986 0.5064707572861595;
2987, 2987 0.485350132517095;
2988, 2988 0.47724400936058786;
2989, 2989 0.4719843807733888;
2990, 2990 0.4915220991072773;
2991, 2991 0.5265467550418079;
2992, 2992 0.6294493583982994;
2993, 2993 0.5465543274472326;
2994, 2994 0.5604766053727586;
2995, 2995 0.5743441430181053;
2996, 2996 0.5282573887974016;
2997, 2997 0.5282573887974016;
2998, 2998 0.4990352025618452;
2999, 2999 0.5012384988390499;
3000, 3000 0.5043085162190888;
3001, 3001 0.5009237422280206;
3002, 3002 0.5283851161178195;
3003, 3003 0.5466273144874714;
3004, 3004 0.5628623692505599;
3005, 3005 0.5770948420971;
3006, 3006 0.5697322744130244;
3007, 3007 0.5322443058704389;
3008, 3008 0.5541267328719943;
3009, 3009 0.5541267328719943;
3010, 3010 0.5349721964993592;
3011, 3011 0.5326001176916024;
3012, 3012 0.5064890040462191;
3013, 3013 0.4930548269522892;
3014, 3014 0.5047874936706551;
3015, 3015 0.5230114452802475;
3016, 3016 0.5346802483384043;
3017, 3017 0.5375541130478019;
3018, 3018 0.5557871880374241;
3019, 3019 0.5872172322402003;
3020, 3020 0.5197908921297163;
3021, 3021 0.5197908921297163;
3022, 3022 0.5010605929284682;
3023, 3023 0.5053577049225197;
3024, 3024 0.5107313757600915;
3025, 3025 0.5387355907616656;
3026, 3026 0.5386808504814864;
3027, 3027 0.5401269062162148;
3028, 3028 0.5436165990776263;
3029, 3029 0.5314003932176792;
3030, 3030 0.528950765679669;
3031, 3031 0.4941906877660036;
3032, 3032 0.5470378665888138;
3033, 3033 0.5470378665888138;
3034, 3034 0.5470378665888138;
3035, 3035 0.5760912702938186;
3036, 3036 0.5702477453847101;
3037, 3037 0.5350634302996573;
3038, 3038 0.4874165780938522;
3039, 3039 0.4862122919299141;
3040, 3040 0.5423347641834346;
3041, 3041 0.6546526957307142;
3042, 3042 0.7373698207711992;
3043, 3043 0.5290191910298927;
3044, 3044 0.5154025463353664;
3045, 3045 0.5154025463353664;
3046, 3046 0.5549569604547093;
3047, 3047 0.5617447551969053;
3048, 3048 0.5693855859718908;
3049, 3049 0.5751789322908352;
3050, 3050 0.5335033323145559;
3051, 3051 0.50396638946797;
3052, 3052 0.5123918309255213;
3053, 3053 0.5711372749376189;
3054, 3054 0.6430067011226319;
3055, 3055 0.6728720856502917;
3056, 3056 0.5594684718794618;
3057, 3057 0.5594684718794618;
3058, 3058 0.5926273965978917;
3059, 3059 0.5751287537006711;
3060, 3060 0.5489628997751086;
3061, 3061 0.506320221515667;
3062, 3062 0.5027210480938977;
3063, 3063 0.525502128028392;
3064, 3064 0.5914185487439387;
3065, 3065 0.6325148140883234;
3066, 3066 0.7004976803806273;
3067, 3067 0.6552000985325044;
3068, 3068 0.5549022201745302;
3069, 3069 0.5549022201745302;
3070, 3070 0.5499619098883755;
3071, 3071 0.5575480003831819;
3072, 3072 0.5737465616261512;
3073, 3073 0.5677160074264314;
3074, 3074 0.577815589119457;
3075, 3075 0.5924586140673398;
3076, 3076 0.5618861675873679;
3077, 3077 0.5172089755812734;
3078, 3078 0.49560481167062775;
3079, 3079 0.4938439993248698;
3080, 3080 0.5350223750895231;
3081, 3081 0.5350223750895231;
3082, 3082 0.5490769420254815;
3083, 3083 0.5720450512505875;
3084, 3084 0.569326284001697;
3085, 3085 0.5782945665710233;
3086, 3086 0.5711509600076636;
3087, 3087 0.5491727375157949;
3088, 3088 0.5140796562310406;
3089, 3089 0.498756939470935;
3090, 3090 0.5076887285201421;
3091, 3091 0.5401953315664387;
3092, 3092 0.5028259669642408;
3093, 3093 0.5028259669642408;
3094, 3094 0.5192617360879859;
3095, 3095 0.5041671038286264;
3096, 3096 0.539739162564947;
3097, 3097 0.5331110269732731;
3098, 3098 0.5671047409644323;
3099, 3099 0.5694585730121295;
3100, 3100 0.5832394385471931;
3101, 3101 0.5863413877573362;
3102, 3102 0.5430327027557169;
3103, 3103 0.5013023624992585;
3104, 3104 0.47413293677041457;
3105, 3105 0.47413293677041457;
3106, 3106 0.5050064547913711;
3107, 3107 0.5372028629166534;
3108, 3108 0.5443875246901473;
3109, 3109 0.5564714415396614;
3110, 3110 0.5752154258109545;
3111, 3111 0.5834675230479389;
3112, 3112 0.5505594912803293;
3113, 3113 0.5241518677839765;
3114, 3114 0.4941222624157797;
3115, 3115 0.49560481167062775;
3116, 3116 0.5142530004516073;
3117, 3117 0.5142530004516073;
3118, 3118 0.520466022251924;
3119, 3119 0.5110826258912402;
3120, 3120 0.509992381977675;
3121, 3121 0.5053805133725942;
3122, 3122 0.5402409484665878;
3123, 3123 0.5426495207944639;
3124, 3124 0.5512118129524626;
3125, 3125 0.5578262634740918;
3126, 3126 0.5825369382848959;
3127, 3127 0.5779524398199045;
3128, 3128 0.5375404279777571;
3129, 3129 0.5375404279777571;
3130, 3130 0.5285949538585055;
3131, 3131 0.5218208441863541;
3132, 3132 0.5144217829821591;
3133, 3133 0.1402081042984804;
3134, 3134 -0.7230826076444803;
3135, 3135 -0.9176614952307531;
3136, 3136 -0.9559796913560535;
3137, 3137 0.506320221515667;
3138, 3138 0.506320221515667;
3139, 3139 0.506320221515667;
3140, 3140 0.506320221515667;
3141, 3141 0.506320221515667;
3142, 3142 0.4936752167943179;
3143, 3143 0.48545505138743805;
3144, 3144 0.5068037606572484;
3145, 3145 0.5149874325440087;
3146, 3146 0.5398395197452752;
3147, 3147 0.5737100681060319;
3148, 3148 0.5751926173608797;
3149, 3149 0.5226921269792033;
3150, 3150 0.5059005460342949;
3151, 3151 0.5253561539479146;
3152, 3152 0.5052208542220722;
3153, 3153 0.5052208542220722;
3154, 3154 0.510110985918063;
3155, 3155 0.5048011787406999;
3156, 3156 0.5421705433428976;
3157, 3157 0.5459658694353084;
3158, 3158 0.5758130072029084;
3159, 3159 0.5843023123206685;
3160, 3160 0.5721089149107961;
3161, 3161 0.5259354885798089;
3162, 3162 0.5141891367913984;
3163, 3163 0.5256481021088693;
3164, 3164 0.48987532901189224;
3165, 3165 0.48987532901189224;
3166, 3166 0.511634590383045;
3167, 3167 0.5298767887526972;
3168, 3168 0.5261225178704207;
3169, 3169 0.533060848383109;
3170, 3170 0.5462122006961139;
3171, 3171 0.5313867081476344;
3172, 3172 0.5650656655277646;
3173, 3173 0.551845887864536;
3174, 3174 0.5725650839122878;
3175, 3175 0.5498980462281666;
3176, 3176 0.5339959948361668;
3177, 3177 0.5339959948361668;
3178, 3178 0.535355378460612;
3179, 3179 0.5436850244278502;
3180, 3180 0.5404553478972891;
3181, 3181 0.5424579298138374;
3182, 3182 0.5405374583175575;
3183, 3183 0.5198638791699548;
3184, 3184 0.5078073324605299;
3185, 3185 0.5052345392921169;
3186, 3186 0.48532276237700533;
3187, 3187 0.509992381977675;
3188, 3188 0.5575480003831819;
3189, 3189 0.5575480003831819;
3190, 3190 0.5674514294055661;
3191, 3191 0.5557735029673794;
3192, 3192 0.5865284170479479;
3193, 3193 0.5653439286186748;
3194, 3194 0.53821099640995;
3195, 3195 0.49195545965869436;
3196, 3196 0.4381731343828261;
